sat
x1_0=-0.0087630661
x2_0=4.28839e-05
z1_0=0.0
z2_0=0.0
xabs1_0=0.0087630661
xabs2_0=4.28839e-05
attackOnU1_0=-0.3648986719
u1_0=0.0
uattacked1_0=0.0
attackOnY1_0=-0.0130804904
attackOnY2_0=0.0
y1_0=0.0
y2_0=0.0
r1_0=0.0
r2_0=0.0
r_0=0.0
x1_1=-0.0057608951
x2_1=0.00465
z1_1=0.0
z2_1=0.0
xabs1_1=0.0057608951
xabs2_1=0.00465
attackOnU1_1=0.0
u1_1=0.0
uattacked1_1=-0.3648986719
attackOnY1_1=0.0
attackOnY2_1=0.0
y1_1=-0.0188413856
y2_1=0.00465
r1_1=-0.0188413856
r2_1=0.00465
r_1=0.0234913856
x1_2=-0.1254032392
x2_2=-0.1897385216
z1_2=-0.0055273988
z2_2=0.0062128295
xabs1_2=0.1254032392
xabs2_2=0.1897385216
attackOnU1_2=0.0
u1_2=0.0
uattacked1_2=-0.3648986719
attackOnY1_2=0.0
attackOnY2_2=0.0
y1_2=0.0
y2_2=0.0
r1_2=0.0055273988
r2_2=-0.0062128295
r_2=0.0117402283
x1_3=-0.3073931028
x2_3=-0.1515985871
z1_3=-4.28839e-05
z2_3=0.0015266692
xabs1_3=0.3073931028
xabs2_3=0.1515985871
attackOnU1_3=0.0
u1_3=0.0
uattacked1_3=-0.3648986719
attackOnY1_3=0.0
attackOnY2_3=0.0
y1_3=0.0
y2_3=0.0
r1_3=4.28839e-05
r2_3=-0.0015266692
r_3=0.0015695531
x1_4=-0.4072922475
x2_4=-0.0501857679
z1_4=0.0003840688
z2_4=8.57679e-05
xabs1_4=0.4072922475
xabs2_4=0.0501857679
attackOnU1_4=0.0
u1_4=0.0
uattacked1_4=-0.3648986719
attackOnY1_4=0.0
attackOnY2_4=0.0
y1_4=0.0
y2_4=0.0
r1_4=-0.0003840688
r2_4=-8.57679e-05
r_4=0.0004698367
attack on control signal component 1
[-0.36489867  0.          0.          0.          0.          0.        ]
attack on sensor 1
[-0.01308049  0.          0.          0.          0.          0.        ]
attack on sensor 2
[0. 0. 0. 0. 0. 0.]
