sat
x1_0=-0.0002144161
x2_0=-0.0025235131
z1_0=0.0
z2_0=0.0
xabs1_0=0.0002144161
xabs2_0=0.0025235131
attackOnU1_0=0.0
u1_0=0.0
uattacked1_0=0.0
attackOnY1_0=0.0
attackOnY2_0=0.0
y1_0=0.0
y2_0=0.0
r1_0=0.0
r2_0=0.0
r_0=0.0
x1_1=-0.0014789766
x2_1=-0.0002144161
z1_1=0.0
z2_1=0.0
xabs1_1=0.0014789766
xabs2_1=0.0002144161
attackOnU1_1=-0.1251884424
u1_1=0.0
uattacked1_1=0.0
attackOnY1_1=-0.0063907294
attackOnY2_1=0.0
y1_1=-0.0014789766
y2_1=-0.0002144161
r1_1=-0.0014789766
r2_1=-0.0002144161
r_1=0.0016933927
x1_2=-0.0010897651
x2_2=0.0007559835
z1_2=-0.0005903239
z2_2=0.0004413294
xabs1_2=0.0010897651
xabs2_2=0.0007559835
attackOnU1_2=0.0
u1_2=0.0
uattacked1_2=-0.1251884424
attackOnY1_2=0.0
attackOnY2_2=0.0
y1_2=-0.0074804946
y2_2=0.0007559835
r1_2=-0.0068901706
r2_2=0.000314654
r_2=0.0072048247
x1_3=-0.0428826441
x2_3=-0.0656740211
z1_3=-0.002551214
z2_3=0.0025313697
xabs1_3=0.0428826441
xabs2_3=0.0656740211
attackOnU1_3=0.0
u1_3=0.0
uattacked1_3=-0.1251884424
attackOnY1_3=0.0
attackOnY2_3=0.0
y1_3=0.0
y2_3=0.0
r1_3=0.002551214
r2_3=-0.0025313697
r_3=0.0050825837
x1_4=-0.1056738468
x2_4=-0.0521596958
z1_4=-0.000107208
z2_4=0.0006878355
xabs1_4=0.1056738468
xabs2_4=0.0521596958
attackOnU1_4=-0.1359364664
u1_4=0.0
uattacked1_4=-0.1251884424
attackOnY1_4=0.1360986513
attackOnY2_4=0.0
y1_4=0.0
y2_4=0.0
r1_4=0.000107208
r2_4=-0.0006878355
r_4=0.0007950436
x1_5=-0.1399534481
x2_5=-0.0171234961
z1_5=0.0001466748
z2_5=5.79775e-05
xabs1_5=0.1399534481
xabs2_5=0.0171234961
attackOnU1_5=-0.0276781099
u1_5=-0.0002214376
uattacked1_5=-0.136157904
attackOnY1_5=0.1418183411
attackOnY2_5=0.0
y1_5=-0.0038547968
y2_5=-0.0171234961
r1_5=-0.0040014716
r2_5=-0.0171814737
r_5=0.0211829453
x1_6=-0.1477384161
x2_6=-0.0002144161
z1_6=-0.006027283
z2_6=-0.0003216242
xabs1_6=0.1477384161
xabs2_6=0.0002144161
attackOnU1_6=0.0
u1_6=-2.73225e-05
uattacked1_6=-0.0277054324
attackOnY1_6=0.0
attackOnY2_6=0.0
y1_6=-0.0059200749
y2_6=-0.0002144161
r1_6=0.000107208
r2_6=0.000107208
r_6=0.0002144161
x1_7=-0.1070408422
x2_7=0.0635896072
z1_7=-0.0040902161
z2_7=0.00311351
xabs1_7=0.1070408422
xabs2_7=0.0635896072
attackOnU1_7=0.0
u1_7=-2.73225e-05
uattacked1_7=-0.0277054324
attackOnY1_7=0.0
attackOnY2_7=0.0
y1_7=0.0
y2_7=0.0
r1_7=0.0040902161
r2_7=-0.00311351
r_7=0.0072037262
x1_8=-0.046364311
x2_8=0.0503144161
z1_8=-0.0004268418
z2_8=0.0010410421
xabs1_8=0.046364311
xabs2_8=0.0503144161
attackOnU1_8=0.0
u1_8=-2.73225e-05
uattacked1_8=-0.0277054324
attackOnY1_8=0.0
attackOnY2_8=0.0
y1_8=0.0
y2_8=0.0
r1_8=0.0004268418
r2_8=-0.0010410421
r_8=0.001467884
x1_9=-0.0133536517
x2_9=0.0164300797
z1_9=0.0001333287
z2_9=0.0001314763
xabs1_9=0.0133536517
xabs2_9=0.0164300797
attackOnU1_9=0.0
u1_9=-0.0003204361
uattacked1_9=-0.0003204361
attackOnY1_9=0.0
attackOnY2_9=0.0
y1_9=-0.0133536517
y2_9=0.0164300797
r1_9=-0.0134869804
r2_9=0.0162986033
r_9=0.0297855838
attack on control signal component 1
[ 0.         -0.12518844  0.          0.         -0.13593647 -0.02767811
  0.          0.          0.          0.          0.        ]
attack on sensor 1
[ 0.         -0.00639073  0.          0.          0.13609865  0.14181834
  0.          0.          0.          0.          0.        ]
attack on sensor 2
[0. 0. 0. 0. 0. 0. 0. 0. 0. 0. 0.]
