sat
x1_0=-1.4997e-06
x2_0=-0.0002242214
z1_0=0.0
z2_0=0.0
xabs1_0=1.4997e-06
xabs2_0=0.0002242214
attackOnU1_0=0.1195219553
u1_0=0.0
uattacked1_0=0.0
attackOnY1_0=0.0001205771
attackOnY2_0=0.0
y1_0=0.0
y2_0=0.0
r1_0=0.0
r2_0=0.0
r_0=0.0
x1_1=-0.0001198272
x2_1=-2.83539e-05
z1_1=0.0
z2_1=0.0
xabs1_1=0.0001198272
xabs2_1=2.83539e-05
attackOnU1_1=0.0
u1_1=0.0
uattacked1_1=0.1195219553
attackOnY1_1=0.0
attackOnY2_1=0.0
y1_1=7.498e-07
y2_1=-2.83539e-05
r1_1=7.498e-07
r2_1=-2.83539e-05
r_1=2.91037e-05
x1_2=0.0405433512
x2_2=0.0634064587
z1_2=-7.3855e-06
z2_2=-2.5007e-06
xabs1_2=0.0405433512
xabs2_2=0.0634064587
attackOnU1_2=0.0
u1_2=0.0
uattacked1_2=0.1195219553
attackOnY1_2=0.0
attackOnY2_2=0.0
y1_2=0.0
y2_2=0.0
r1_2=7.3855e-06
r2_2=2.5007e-06
r_2=9.8863e-06
x1_3=0.1010014997
x2_3=0.0501014997
z1_3=-2.8658e-06
z2_3=1.4997e-06
xabs1_3=0.1010014997
xabs2_3=0.0501014997
attackOnU1_3=0.1410319087
u1_3=0.0
uattacked1_3=0.1195219553
attackOnY1_3=-0.1296432707
attackOnY2_3=0.0
y1_3=0.0
y2_3=0.0
r1_3=2.8658e-06
r2_3=-1.4997e-06
r_3=4.3656e-06
x1_4=0.1338522495
x2_4=0.0163290364
z1_4=-4.698e-07
z2_4=7.054e-07
xabs1_4=0.1338522495
xabs2_4=0.0163290364
attackOnU1_4=0.0
u1_4=-3.364e-07
uattacked1_4=0.1410315722
attackOnY1_4=0.0
attackOnY2_4=0.0
y1_4=0.0042089787
y2_4=0.0163290364
r1_4=0.0042094485
r2_4=0.0163283309
r_4=0.0205377795
x1_5=0.1449476085
x2_5=0.0059278157
z1_5=0.0059240002
z2_5=1.4997e-06
xabs1_5=0.1449476085
xabs2_5=0.0059278157
attackOnU1_5=0.0157444478
u1_5=-3.364e-07
uattacked1_5=0.1410315722
attackOnY1_5=-0.1326738709
attackOnY2_5=0.0
y1_5=0.0
y2_5=0.0
r1_5=-0.0059240002
r2_5=-1.4997e-06
r_5=0.0059255
x1_6=0.1467578985
x2_6=-0.0013048831
z1_6=0.0017774756
z2_6=-0.0013033834
xabs1_6=0.1467578985
xabs2_6=0.0013048831
attackOnU1_6=0.0
u1_6=-0.0003298702
uattacked1_6=0.0154145776
attackOnY1_6=0.0
attackOnY2_6=0.0
y1_6=0.0140840276
y2_6=-0.0013048831
r1_6=0.012306552
r2_6=-1.4997e-06
r_6=0.0123080518
x1_7=0.1014095813
x2_7=-0.0697815949
z1_7=0.0048001386
z2_7=-0.0051014842
xabs1_7=0.1014095813
xabs2_7=0.0697815949
attackOnU1_7=0.0
u1_7=-0.0003298702
uattacked1_7=0.0154145776
attackOnY1_7=0.0
attackOnY2_7=0.0
y1_7=0.0
y2_7=0.0
r1_7=-0.0048001386
r2_7=0.0051014842
r_7=0.0099016228
x1_8=0.0351870347
x2_8=-0.0546489593
z1_8=1.4997e-06
z2_8=-0.0014859359
xabs1_8=0.0351870347
xabs2_8=0.0546489593
attackOnU1_8=0.0
u1_8=-0.0003298702
uattacked1_8=0.0154145776
attackOnY1_8=0.0
attackOnY2_8=0.0
y1_8=0.0
y2_8=0.0
r1_8=-1.4997e-06
r2_8=0.0014859359
r_8=0.0014874357
x1_9=-0.000499549
x2_9=-0.017583767
z1_9=-0.0004980492
z2_9=-0.0002494579
xabs1_9=0.000499549
xabs2_9=0.017583767
attackOnU1_9=0.0
u1_9=0.000491167
uattacked1_9=0.000491167
attackOnY1_9=0.0
attackOnY2_9=0.0
y1_9=-0.000499549
y2_9=-0.017583767
r1_9=-1.4997e-06
r2_9=-0.017334309
r_9=0.0173358088
attack on control signal component 1
[0.11952196 0.         0.         0.14103191 0.         0.01574445
 0.         0.         0.         0.         0.        ]
attack on sensor 1
[ 1.20577100e-04  0.00000000e+00  0.00000000e+00 -1.29643271e-01
  0.00000000e+00 -1.32673871e-01  0.00000000e+00  0.00000000e+00
  0.00000000e+00  0.00000000e+00  0.00000000e+00]
attack on sensor 2
[0. 0. 0. 0. 0. 0. 0. 0. 0. 0. 0.]
