sat
x1_0=-0.01
x2_0=2.79426e-05
z1_0=0.0
z2_0=0.0
xabs1_0=0.01
xabs2_0=2.79426e-05
attackOnU1_0=-0.1230306795
u1_0=0.0
uattacked1_0=0.0
attackOnY1_0=0.0028924076
attackOnY2_0=0.0
y1_0=0.0
y2_0=0.0
r1_0=0.0
r2_0=0.0
r_0=0.0
x1_1=-0.0065851904
x2_1=0.0053036325
z1_1=0.0
z2_1=0.0
xabs1_1=0.0065851904
xabs2_1=0.0053036325
attackOnU1_1=0.0
u1_1=0.0
uattacked1_1=-0.1230306795
attackOnY1_1=0.0
attackOnY2_1=0.0
y1_1=-0.0036927827
y2_1=0.0053036325
r1_1=-0.0036927827
r2_1=0.0053036325
r_1=0.0089964152
x1_2=-0.0433657314
x2_2=-0.0610266369
z1_2=0.000102579
z2_2=0.0015690532
xabs1_2=0.0433657314
xabs2_2=0.0610266369
attackOnU1_2=0.0
u1_2=0.0
uattacked1_2=-0.1230306795
attackOnY1_2=0.0
attackOnY2_2=0.0
y1_2=0.0
y2_2=0.0
r1_2=-0.000102579
r2_2=-0.0015690532
r_2=0.0016716322
x1_3=-0.1027959313
x2_3=-0.0501558852
z1_3=0.0004387275
z2_3=5.58852e-05
xabs1_3=0.1027959313
xabs2_3=0.0501558852
attackOnU1_3=-0.1366254717
u1_3=0.0
uattacked1_3=-0.1230306795
attackOnY1_3=0.1491976723
attackOnY2_3=0.0
y1_3=0.0
y2_3=0.0
r1_3=-0.0004387275
r2_3=-5.58852e-05
r_3=0.0004946128
x1_4=-0.1362583649
x2_4=-0.0172446815
z1_4=0.0001461484
z2_4=-9.37257e-05
xabs1_4=0.1362583649
xabs2_4=0.0172446815
attackOnU1_4=-0.0273212626
u1_4=-4.28689e-05
uattacked1_4=-0.1366683406
attackOnY1_4=0.1441480108
attackOnY2_4=0.0
y1_4=0.0129393073
y2_4=-0.0172446815
r1_4=0.0127931589
r2_4=-0.0171509557
r_4=0.0299441147
x1_5=-0.1455374379
x2_5=-0.0024590957
z1_5=6.987e-06
z2_5=-0.0054503192
xabs1_5=0.1455374379
xabs2_5=0.0024590957
attackOnU1_5=0.0
u1_5=2.28598e-05
uattacked1_5=-0.0272984027
attackOnY1_5=0.0
attackOnY2_5=0.0
y1_5=-0.001389427
y2_5=-0.0024590957
r1_5=-0.001396414
r2_5=0.0029912235
r_5=0.0043876376
x1_6=-0.1066394867
x2_6=0.0623470061
z1_6=-0.0025713641
z2_6=-2.79426e-05
xabs1_6=0.1066394867
xabs2_6=0.0623470061
attackOnU1_6=0.0
u1_6=2.28598e-05
uattacked1_6=-0.0272984027
attackOnY1_6=0.0
attackOnY2_6=0.0
y1_6=0.0
y2_6=0.0
r1_6=0.0025713641
r2_6=2.79426e-05
r_6=0.0025993067
x1_7=-0.0466196048
x2_7=0.0501558852
z1_7=-0.0007709019
z2_7=0.0005764187
xabs1_7=0.0466196048
xabs2_7=0.0501558852
attackOnU1_7=0.0
u1_7=2.28598e-05
uattacked1_7=-0.0272984027
attackOnY1_7=0.0
attackOnY2_7=0.0
y1_7=0.0
y2_7=0.0
r1_7=0.0007709019
r2_7=-0.0005764187
r_7=0.0013473206
x1_8=-0.0134677769
x2_8=0.0167605022
z1_8=-7.36293e-05
z2_8=0.0002105351
xabs1_8=0.0134677769
xabs2_8=0.0167605022
attackOnU1_8=0.0
u1_8=-0.0001477018
uattacked1_8=-0.0001477018
attackOnY1_8=0.0
attackOnY2_8=0.0
y1_8=-0.0134677769
y2_8=0.0167605022
r1_8=-0.0133941476
r2_8=0.016549967
r_8=0.0299441147
attack on control signal component 1
[-0.12303068  0.          0.         -0.13662547 -0.02732126  0.
  0.          0.          0.          0.        ]
attack on sensor 1
[0.00289241 0.         0.         0.14919767 0.14414801 0.
 0.         0.         0.         0.        ]
attack on sensor 2
[0. 0. 0. 0. 0. 0. 0. 0. 0. 0.]
