sat
x1_0=0.0041120348
x2_0=0.005
z1_0=0.0
z2_0=0.0
xabs1_0=0.0041120348
xabs2_0=0.005
attackOnU1_0=0.0786896899
u1_0=0.0
uattacked1_0=0.0
attackOnY1_0=-0.0338173715
attackOnY2_0=0.0
y1_0=0.0
y2_0=0.0
r1_0=0.0
r2_0=0.0
r_0=0.0
x1_1=0.0053639429
x2_1=-0.0015293784
z1_1=0.0
z2_1=0.0
xabs1_1=0.0053639429
xabs2_1=0.0015293784
attackOnU1_1=0.0372909648
u1_1=0.0
uattacked1_1=0.0786896899
attackOnY1_1=-0.0401574857
attackOnY2_1=0.0
y1_1=-0.0284534285
y2_1=-0.0015293784
r1_1=-0.0284534285
r2_1=-0.0015293784
r_1=0.029982807
x1_2=0.0294841263
x2_2=0.0386638266
z1_2=-0.0106561664
z2_2=0.0086982125
xabs1_2=0.0294841263
xabs2_2=0.0386638266
attackOnU1_2=0.0354285468
u1_2=0.0
uattacked1_2=0.0372909648
attackOnY1_2=-0.0272913987
attackOnY2_2=0.0
y1_2=-0.0106733594
y2_2=0.0386638266
r1_2=-1.71929e-05
r2_2=0.0299656141
r_2=0.029982807
x1_3=0.0526302796
x2_3=0.0091639218
z1_3=0.0056615091
z2_3=0.0091811148
xabs1_3=0.0526302796
xabs2_3=0.0091639218
attackOnU1_3=-0.0381075594
u1_3=-0.0022831462
uattacked1_3=0.0331454006
attackOnY1_3=-0.0059911563
attackOnY2_3=0.0
y1_3=0.0253388808
y2_3=0.0091639218
r1_3=0.0196773716
r2_3=-1.71929e-05
r_3=0.0196945646
x1_4=0.0508622993
x2_4=-0.009135676
z1_4=0.0149055288
z2_4=-0.009118483
xabs1_4=0.0508622993
xabs2_4=0.009135676
attackOnU1_4=0.0
u1_4=-0.0033500564
uattacked1_4=-0.0414576158
attackOnY1_4=0.0
attackOnY2_4=0.0
y1_4=0.0448711429
y2_4=-0.009135676
r1_4=0.0299656141
r2_4=-1.71929e-05
r_4=0.029982807
x1_5=0.0146316198
x2_5=-0.0501171929
z1_5=0.0146488128
z2_5=-0.0201515788
xabs1_5=0.0146316198
xabs2_5=0.0501171929
attackOnU1_5=0.0
u1_5=0.002185823
uattacked1_5=0.002185823
attackOnY1_5=0.0
attackOnY2_5=0.0
y1_5=0.0146316198
y2_5=-0.0501171929
r1_5=-1.71929e-05
r2_5=-0.0299656141
r_5=0.029982807
x1_6=-0.0161620632
x2_6=-0.0131115073
z1_6=-0.0083658457
z2_6=-0.0116170091
xabs1_6=0.0161620632
xabs2_6=0.0131115073
attackOnU1_6=0.0
u1_6=0.0058476379
uattacked1_6=0.0058476379
attackOnY1_6=0.0
attackOnY2_6=0.0
y1_6=-0.0161620632
y2_6=-0.0131115073
r1_6=-0.0077962175
r2_6=-0.0014944982
r_6=0.0092907158
x1_7=-0.0156278637
x2_7=0.0099606457
z1_7=-0.0129004289
z2_7=0.0083202027
xabs1_7=0.0156278637
xabs2_7=0.0099606457
attackOnU1_7=0.0
u1_7=0.0043057242
uattacked1_7=0.0043057242
attackOnY1_7=0.0
attackOnY2_7=0.0
y1_7=-0.0156278637
y2_7=0.0099606457
r1_7=-0.0027274348
r2_7=0.0016404429
r_7=0.0043678777
attack on control signal component 1
[ 0.07868969  0.03729096  0.03542855 -0.03810756  0.          0.
  0.          0.          0.        ]
attack on sensor 1
[-0.03381737 -0.04015749 -0.0272914  -0.00599116  0.          0.
  0.          0.          0.        ]
attack on sensor 2
[0. 0. 0. 0. 0. 0. 0. 0. 0.]
