sat
x1_0=-0.01
x2_0=0.003569954
z1_0=0.0
z2_0=0.0
xabs1_0=0.01
xabs2_0=0.003569954
attackOnU1_0=0.0
u1_0=0.0
uattacked1_0=0.0
attackOnY1_0=0.0
attackOnY2_0=0.0
y1_0=0.0
y2_0=0.0
r1_0=0.0
r2_0=0.0
r_0=0.0
x1_1=-0.0047079243
x2_1=0.005764094
z1_1=0.0
z2_1=0.0
xabs1_1=0.0047079243
xabs2_1=0.005764094
attackOnU1_1=0.373667594
u1_1=0.0
uattacked1_1=0.0
attackOnY1_1=-0.0163076639
attackOnY2_1=0.0
y1_1=-0.0047079243
y2_1=0.005764094
r1_1=-0.0047079243
r2_1=0.005764094
r_1=0.0104720183
x1_2=-5.22602e-05
x2_2=0.0032445321
z1_2=-0.0001385473
z2_2=0.001920584
xabs1_2=5.22602e-05
xabs2_2=0.0032445321
attackOnU1_2=0.0
u1_2=0.0
uattacked1_2=0.373667594
attackOnY1_2=0.0
attackOnY2_2=0.0
y1_2=-0.0163599242
y2_2=0.0032445321
r1_2=-0.0162213768
r2_2=0.001323948
r_2=0.0175453249
x1_3=0.1287320922
x2_3=0.1984933119
z1_3=-0.0045557614
z2_3=0.0054576487
xabs1_3=0.1287320922
xabs2_3=0.1984933119
attackOnU1_3=0.0
u1_3=0.0
uattacked1_3=0.373667594
attackOnY1_3=0.0
attackOnY2_3=0.0
y1_3=0.0
y2_3=0.0
r1_3=0.0045557614
r2_3=-0.0054576487
r_3=0.0100134101
x1_4=0.3172116181
x2_4=0.1556199464
z1_4=5.22602e-05
z2_4=0.0012751499
xabs1_4=0.3172116181
xabs2_4=0.1556199464
attackOnU1_4=0.0
u1_4=0.0
uattacked1_4=0.373667594
attackOnY1_4=0.0
attackOnY2_4=0.0
y1_4=0.0
y2_4=0.0
r1_4=-5.22602e-05
r2_4=-0.0012751499
r_4=0.0013274101
x1_5=0.4188852215
x2_5=0.0501522602
z1_5=0.000347217
z2_5=5.22602e-05
xabs1_5=0.4188852215
xabs2_5=0.0501522602
attackOnU1_5=0.0
u1_5=0.0
uattacked1_5=0.373667594
attackOnY1_5=0.0
attackOnY2_5=0.0
y1_5=0.0
y2_5=0.0
r1_5=-0.000347217
r2_5=-5.22602e-05
r_5=0.0003994773
attack on control signal component 1
[0.         0.37366759 0.         0.         0.         0.
 0.        ]
attack on sensor 1
[ 0.         -0.01630766  0.          0.          0.          0.
  0.        ]
attack on sensor 2
[0. 0. 0. 0. 0. 0. 0.]
