sat
x1_0=-0.0079366028
x2_0=-0.0002769976
z1_0=0.0
z2_0=0.0
xabs1_0=0.0079366028
xabs2_0=0.0002769976
attackOnU1_0=0.0
u1_0=0.0
uattacked1_0=0.0
attackOnY1_0=0.0
attackOnY2_0=0.0
y1_0=0.0
y2_0=0.0
r1_0=0.0
r2_0=0.0
r_0=0.0
x1_1=-0.0053849666
x2_1=0.0041703898
z1_1=0.0
z2_1=0.0
xabs1_1=0.0053849666
xabs2_1=0.0041703898
attackOnU1_1=0.0
u1_1=0.0
uattacked1_1=0.0
attackOnY1_1=0.0
attackOnY2_1=0.0
y1_1=-0.0053849666
y2_1=0.0041703898
r1_1=-0.0053849666
r2_1=0.0041703898
r_1=0.0095553564
x1_2=-0.0013437713
x2_2=0.0033961829
z1_2=-0.0008125827
z2_2=0.0020029708
xabs1_2=0.0013437713
xabs2_2=0.0033961829
attackOnU1_2=0.0
u1_2=0.0
uattacked1_2=0.0
attackOnY1_2=0.0
attackOnY2_2=0.0
y1_2=0.0
y2_2=0.0
r1_2=0.0008125827
r2_2=-0.0020029708
r_2=0.0028155535
x1_3=0.0009130878
x2_3=0.0011537026
z1_3=0.0002769976
z2_3=0.0002789167
xabs1_3=0.0009130878
xabs2_3=0.0011537026
attackOnU1_3=0.3699677355
u1_3=0.0
uattacked1_3=0.0
attackOnY1_3=-0.0304945235
attackOnY2_3=0.0
y1_3=0.0
y2_3=0.0
r1_3=-0.0002769976
r2_3=-0.0002789167
r_3=0.0005559143
x1_4=0.0012141003
x2_4=-0.0003339552
z1_4=0.0001556176
z2_4=-4.69936e-05
xabs1_4=0.0012141003
xabs2_4=0.0003339552
attackOnU1_4=0.0
u1_4=-0.0001076109
uattacked1_4=0.3698601245
attackOnY1_4=0.0
attackOnY2_4=0.0
y1_4=-0.0292804231
y2_4=-0.0003339552
r1_4=-0.0294360407
r2_4=-0.0002869616
r_4=0.0297230023
x1_5=0.1263767523
x2_5=0.1953389786
z1_5=-0.010633241
z2_5=0.0089565954
xabs1_5=0.1263767523
xabs2_5=0.1953389786
attackOnU1_5=0.0
u1_5=-0.0001076109
uattacked1_5=0.3698601245
attackOnY1_5=0.0
attackOnY2_5=0.0
y1_5=0.0
y2_5=0.0
r1_5=0.010633241
r2_5=-0.0089565954
r_5=0.0195898364
x1_6=0.3126907575
x2_6=0.1544402545
z1_6=-0.0008978452
z2_6=0.0027301089
xabs1_6=0.3126907575
xabs2_6=0.1544402545
attackOnU1_6=0.0
u1_6=-0.0001076109
uattacked1_6=0.3698601245
attackOnY1_6=0.0
attackOnY2_6=0.0
y1_6=0.0
y2_6=0.0
r1_6=0.0008978452
r2_6=-0.0027301089
r_6=0.0036279542
x1_7=0.4139816772
x2_7=0.0503769976
z1_7=0.000403887
z2_7=0.0002769976
xabs1_7=0.4139816772
xabs2_7=0.0503769976
attackOnU1_7=0.0
u1_7=-0.0001076109
uattacked1_7=0.3698601245
attackOnY1_7=0.0
attackOnY2_7=0.0
y1_7=0.0
y2_7=0.0
r1_7=-0.000403887
r2_7=-0.0002769976
r_7=0.0006808846
attack on control signal component 1
[0.         0.         0.         0.36996774 0.         0.
 0.         0.         0.        ]
attack on sensor 1
[ 0.          0.          0.         -0.03049452  0.          0.
  0.          0.          0.        ]
attack on sensor 2
[0. 0. 0. 0. 0. 0. 0. 0. 0.]
