sat
x1_0=0.01
x2_0=0.0003576569
z1_0=0.0
z2_0=0.0
xabs1_0=0.01
xabs2_0=0.0003576569
attackOnU1_0=0.0213258668
u1_0=0.0
uattacked1_0=0.0
attackOnY1_0=-0.0313605992
attackOnY2_0=0.0
y1_0=0.0
y2_0=0.0
r1_0=0.0
r2_0=0.0
r_0=0.0
x1_1=0.0067895581
x2_1=-0.0052535045
z1_1=0.0
z2_1=0.0
xabs1_1=0.0067895581
xabs2_1=0.0052535045
attackOnU1_1=0.093232646
u1_1=0.0
uattacked1_1=0.0213258668
attackOnY1_1=-0.048860658
attackOnY2_1=0.0
y1_1=-0.024571041
y2_1=-0.0052535045
r1_1=-0.024571041
r2_1=-0.0052535045
r_1=0.0298245456
x1_2=0.0089475457
x2_2=0.007021288
z1_2=-0.010264021
z2_2=0.0071967423
xabs1_2=0.0089475457
xabs2_2=0.007021288
attackOnU1_2=0.0
u1_2=0.0
uattacked1_2=0.093232646
attackOnY1_2=0.0
attackOnY2_2=0.0
y1_2=-0.0399131123
y2_2=0.007021288
r1_2=-0.0296490912
r2_2=-0.0001754543
r_2=0.0298245456
x1_3=0.0413257624
x2_3=0.0455838706
z1_3=-0.0136810259
z2_3=0.0155526895
xabs1_3=0.0413257624
xabs2_3=0.0455838706
attackOnU1_3=0.0345882301
u1_3=0.0
uattacked1_3=0.093232646
attackOnY1_3=-0.0833696171
attackOnY2_3=0.0
y1_3=0.0
y2_3=0.0
r1_3=0.0136810259
r2_3=-0.0155526895
r_3=0.0292337155
x1_4=0.0831335543
x2_4=0.0334365514
z1_4=-6.06084e-05
z2_4=0.0037874601
xabs1_4=0.0831335543
xabs2_4=0.0334365514
attackOnU1_4=-0.0049363805
u1_4=-0.0043810541
uattacked1_4=0.0302071759
attackOnY1_4=-0.0689486079
attackOnY2_4=0.0
y1_4=-0.0002360628
y2_4=0.0334365514
r1_4=-0.0001754543
r2_4=0.0296490912
r_4=0.0298245456
x1_5=0.0828599579
x2_5=-0.0237042288
z1_5=0.0084198849
z2_5=0.0006288517
xabs1_5=0.0828599579
xabs2_5=0.0237042288
attackOnU1_5=0.0
u1_5=-0.0012487645
uattacked1_5=-0.006185145
attackOnY1_5=0.0
attackOnY2_5=0.0
y1_5=0.01391135
y2_5=-0.0237042288
r1_5=0.005491465
r2_5=-0.0243330806
r_5=0.0298245456
x1_6=0.0400213816
x2_6=-0.0502754543
z1_6=0.0008728312
z2_6=-0.008691634
xabs1_6=0.0400213816
xabs2_6=0.0502754543
attackOnU1_6=0.0
u1_6=-0.0012487645
uattacked1_6=-0.006185145
attackOnY1_6=0.0
attackOnY2_6=0.0
y1_6=0.0
y2_6=0.0
r1_6=-0.0008728312
r2_6=0.008691634
r_6=0.0095644653
x1_7=-0.0023348282
x2_7=-0.0310252682
z1_7=-0.0024225554
z2_7=-0.0012884497
xabs1_7=0.0023348282
xabs2_7=0.0310252682
attackOnU1_7=0.0
u1_7=0.0028249248
uattacked1_7=0.0028249248
attackOnY1_7=0.0
attackOnY2_7=0.0
y1_7=-0.0023348282
y2_7=-0.0310252682
r1_7=8.77271e-05
r2_7=-0.0297368184
r_7=0.0298245456
x1_8=-0.0170239043
x2_8=-0.0012986157
z1_8=-0.0093186497
z2_8=0.0002075251
xabs1_8=0.0170239043
xabs2_8=0.0012986157
attackOnU1_8=0.0
u1_8=0.0005606555
uattacked1_8=0.0005606555
attackOnY1_8=0.0
attackOnY2_8=0.0
y1_8=-0.0170239043
y2_8=-0.0012986157
r1_8=-0.0077052546
r2_8=-0.0015061409
r_8=0.0092113955
attack on control signal component 1
[ 0.02132587  0.09323265  0.          0.03458823 -0.00493638  0.
  0.          0.          0.          0.        ]
attack on sensor 1
[-0.0313606  -0.04886066  0.         -0.08336962 -0.06894861  0.
  0.          0.          0.          0.        ]
attack on sensor 2
[0. 0. 0. 0. 0. 0. 0. 0. 0. 0.]
