sat
x1_0=0.01
x2_0=0.005
z1_0=0.0
z2_0=0.0
xabs1_0=0.01
xabs2_0=0.005
attackOnU1_0=0.0805833339
u1_0=0.0
uattacked1_0=0.0
attackOnY1_0=-0.0344769121
attackOnY2_0=0.0
y1_0=0.0
y2_0=0.0
r1_0=0.0
r2_0=0.0
r_0=0.0
x1_1=0.00925
x2_1=-0.00465
z1_1=0.0
z2_1=0.0
xabs1_1=0.00925
xabs2_1=0.00465
attackOnU1_1=0.0
u1_1=0.0
uattacked1_1=0.0805833339
attackOnY1_1=-0.0414991097
attackOnY2_1=0.0
y1_1=-0.0252269121
y2_1=-0.00465
r1_1=-0.0252269121
r2_1=-0.00465
r_1=0.0298769121
x1_2=0.0310388335
x2_2=0.037202167
z1_2=-0.0103371883
z2_2=0.0074483427
xabs1_2=0.0310388335
xabs2_2=0.037202167
attackOnU1_2=0.093743554
u1_2=0.0
uattacked1_2=0.0805833339
attackOnY1_2=-0.0701343167
attackOnY2_2=0.0
y1_2=-0.0104602762
y2_2=0.037202167
r1_2=-0.0001230878
r2_2=0.0297538242
r_2=0.0298769121
x1_3=0.0676011122
x2_3=0.0310948669
z1_3=0.0051142982
z2_3=0.0088654575
xabs1_3=0.0676011122
xabs2_3=0.0310948669
attackOnU1_3=0.0
u1_3=-0.0018876744
uattacked1_3=0.0918558795
attackOnY1_3=-0.0817699408
attackOnY2_3=0.0
y1_3=-0.0025332045
y2_3=0.0310948669
r1_3=-0.0076475027
r2_3=0.0222294093
r_3=0.0298769121
x1_4=0.0923280126
x2_4=0.0168973594
z1_4=0.0106811595
z2_4=0.0015905425
xabs1_4=0.0923280126
xabs2_4=0.0168973594
attackOnU1_4=0.0196712231
u1_4=-0.0018876744
uattacked1_4=0.0918558795
attackOnY1_4=-0.0670453383
attackOnY2_4=0.0
y1_4=0.0105580717
y2_4=0.0168973594
r1_4=-0.0001230878
r2_4=0.0153068168
r_4=0.0154299047
x1_5=0.1011230878
x2_5=0.0019464262
z1_5=0.0113392724
z2_5=-0.0051920089
xabs1_5=0.1011230878
xabs2_5=0.0019464262
attackOnU1_5=0.0
u1_5=-0.0011197058
uattacked1_5=0.0185515173
attackOnY1_5=-0.0597387633
attackOnY2_5=0.0
y1_5=0.0340777494
y2_5=0.0019464262
r1_5=0.0227384769
r2_5=0.0071384351
r_5=0.0298769121
x1_6=0.0740803597
x2_6=-0.0435098969
z1_6=0.0144646843
z2_6=-0.0137560727
xabs1_6=0.0740803597
xabs2_6=0.0435098969
attackOnU1_6=0.032494371
u1_6=-0.0011197058
uattacked1_6=0.0185515173
attackOnY1_6=-0.031162375
attackOnY2_6=0.0
y1_6=0.0143415964
y2_6=-0.0435098969
r1_6=-0.0001230878
r2_6=-0.0297538242
r_6=0.0298769121
x1_7=0.0321403079
x2_7=-0.0350865731
z1_7=-0.006202571
z2_7=-0.0123901649
xabs1_7=0.0321403079
xabs2_7=0.0350865731
attackOnU1_7=0.0
u1_7=0.0037435211
uattacked1_7=0.0362378922
attackOnY1_7=0.0
attackOnY2_7=0.0
y1_7=0.0009779329
y2_7=-0.0350865731
r1_7=0.0071805039
r2_7=-0.0226964081
r_7=0.0298769121
x1_8=0.0149376028
x2_8=-0.0023895348
z1_8=-0.0129307358
z2_8=-0.0003809614
xabs1_8=0.0149376028
xabs2_8=0.0023895348
attackOnU1_8=0.0
u1_8=0.0037435211
uattacked1_8=0.0362378922
attackOnY1_8=0.0
attackOnY2_8=0.0
y1_8=0.0149376028
y2_8=-0.0023895348
r1_8=0.0278683387
r2_8=-0.0020085734
r_8=0.0298769121
x1_9=0.0209132477
x2_9=0.0109785138
z1_9=0.002026889
z2_9=-1.20396e-05
xabs1_9=0.0209132477
xabs2_9=0.0109785138
attackOnU1_9=0.0
u1_9=0.0008448947
uattacked1_9=0.0008448947
attackOnY1_9=0.0
attackOnY2_9=0.0
y1_9=0.0209132477
y2_9=0.0109785138
r1_9=0.0188863586
r2_9=0.0109905534
r_9=0.0298769121
x1_10=0.01990862
x2_10=-0.0092090202
z1_10=0.0113851685
z2_10=-0.005603549
xabs1_10=0.01990862
xabs2_10=0.0092090202
attackOnU1_10=0.0
u1_10=0.0008448947
uattacked1_10=0.0008448947
attackOnY1_10=0.0
attackOnY2_10=0.0
y1_10=0.01990862
y2_10=-0.0092090202
r1_10=0.0085234515
r2_10=-0.0036054712
r_10=0.0121289227
attack on control signal component 1
[0.08058333 0.         0.09374355 0.         0.01967122 0.
 0.03249437 0.         0.         0.         0.         0.        ]
attack on sensor 1
[-0.03447691 -0.04149911 -0.07013432 -0.08176994 -0.06704534 -0.05973876
 -0.03116237  0.          0.          0.          0.          0.        ]
attack on sensor 2
[0. 0. 0. 0. 0. 0. 0. 0. 0. 0. 0. 0.]
