sat
x1_0=-0.0041144905
x2_0=0.005
z1_0=0.0
z2_0=0.0
xabs1_0=0.0041144905
xabs2_0=0.005
attackOnU1_0=0.0724927353
u1_0=0.0
uattacked1_0=0.0
attackOnY1_0=0.0009018097
attackOnY2_0=0.0
y1_0=0.0
y2_0=0.0
r1_0=0.0
r2_0=0.0
r_0=0.0
x1_1=-6.55637e-05
x2_1=0.0028306799
z1_1=0.0
z2_1=0.0
xabs1_1=6.55637e-05
xabs2_1=0.0028306799
attackOnU1_1=0.0
u1_1=0.0
uattacked1_1=0.0724927353
attackOnY1_1=0.0
attackOnY2_1=0.0
y1_1=0.000836246
y2_1=0.0028306799
r1_1=0.000836246
r2_1=0.0028306799
r_1=0.003666926
x1_2=0.0261045183
x2_2=0.0388238869
z1_2=0.0010653321
z2_2=-3.27818e-05
xabs1_2=0.0261045183
xabs2_2=0.0388238869
attackOnU1_2=-0.0386268987
u1_2=0.0
uattacked1_2=0.0724927353
attackOnY1_2=-0.0622076596
attackOnY2_2=0.0
y1_2=0.0
y2_2=0.0
r1_2=-0.0010653321
r2_2=3.27818e-05
r_2=0.001098114
x1_3=0.0624531722
x2_3=0.0296328603
z1_3=0.0003110763
z2_3=-0.0002360121
xabs1_3=0.0624531722
xabs2_3=0.0296328603
attackOnU1_3=0.0
u1_3=-4.83947e-05
uattacked1_3=-0.0386752935
attackOnY1_3=0.0
attackOnY2_3=0.0
y1_3=0.0002455126
y2_3=0.0296328603
r1_3=-6.55637e-05
r2_3=0.0298688725
r_3=0.0299344362
x1_4=0.0437749098
x2_4=-0.049745815
z1_4=0.0081047623
z2_4=0.0021886332
xabs1_4=0.0437749098
xabs2_4=0.049745815
attackOnU1_4=0.0
u1_4=-4.83947e-05
uattacked1_4=-0.0386752935
attackOnY1_4=0.0
attackOnY2_4=0.0
y1_4=0.0
y2_4=0.0
r1_4=-0.0081047623
r2_4=-0.0021886332
r_4=0.0102933956
x1_5=-0.0106234412
x2_5=-0.0501655637
z1_5=0.0029840191
z2_5=-0.0016992652
xabs1_5=0.0106234412
xabs2_5=0.0501655637
attackOnU1_5=0.016019031
u1_5=-4.83947e-05
uattacked1_5=-0.0386752935
attackOnY1_5=0.0378732344
attackOnY2_5=0.0
y1_5=0.0
y2_5=0.0
r1_5=-0.0029840191
r2_5=0.0016992652
r_5=0.0046832844
x1_6=-0.0467488198
x2_6=-0.0213890049
z1_6=0.0004369425
z2_6=-0.0007670967
xabs1_6=0.0467488198
xabs2_6=0.0213890049
attackOnU1_6=0.0
u1_6=0.0003958656
uattacked1_6=0.0164148966
attackOnY1_6=0.0
attackOnY2_6=0.0
y1_6=-0.0088755854
y2_6=-0.0213890049
r1_6=-0.0093125279
r2_6=-0.0206219082
r_6=0.0299344362
x1_7=-0.0366093288
x2_7=0.030696199
z1_7=-0.0089040101
z2_7=0.0011156376
xabs1_7=0.0366093288
xabs2_7=0.030696199
attackOnU1_7=0.0
u1_7=0.0003958656
uattacked1_7=0.0164148966
attackOnY1_7=0.0
attackOnY2_7=0.0
y1_7=0.0
y2_7=0.0
r1_7=0.0089040101
r2_7=-0.0011156376
r_7=0.0100196478
x1_8=-0.0023121066
x2_8=0.0320933454
z1_8=-0.0022465429
z2_8=0.0022244729
xabs1_8=0.0023121066
xabs2_8=0.0320933454
attackOnU1_8=0.0
u1_8=0.0001262331
uattacked1_8=0.0001262331
attackOnY1_8=0.0
attackOnY2_8=0.0
y1_8=-0.0023121066
y2_8=0.0320933454
r1_8=-6.55637e-05
r2_8=0.0298688725
r_8=0.0299344362
x1_9=0.0155264019
x2_9=0.005464455
z1_9=0.0077801642
z2_9=0.0039565873
xabs1_9=0.0155264019
xabs2_9=0.005464455
attackOnU1_9=0.0
u1_9=0.0001262331
uattacked1_9=0.0001262331
attackOnY1_9=0.0
attackOnY2_9=0.0
y1_9=0.0
y2_9=0.0
r1_9=-0.0077801642
r2_9=-0.0039565873
r_9=0.0117367515
attack on control signal component 1
[ 0.07249274  0.         -0.0386269   0.          0.          0.01601903
  0.          0.          0.          0.          0.        ]
attack on sensor 1
[ 0.00090181  0.         -0.06220766  0.          0.          0.03787323
  0.          0.          0.          0.          0.        ]
attack on sensor 2
[0. 0. 0. 0. 0. 0. 0. 0. 0. 0. 0.]
