sat
x1_0=0.0039626344
x2_0=-0.005
z1_0=0.0
z2_0=0.0
xabs1_0=0.0039626344
xabs2_0=0.005
attackOnU1_0=0.0
u1_0=0.0
uattacked1_0=0.0
attackOnY1_0=0.0
attackOnY2_0=0.0
y1_0=0.0
y2_0=0.0
r1_0=0.0
r2_0=0.0
r_0=0.0
x1_1=-3.46612e-05
x2_1=-0.0027501962
z1_1=0.0
z2_1=0.0
xabs1_1=3.46612e-05
xabs2_1=0.0027501962
attackOnU1_1=0.0
u1_1=0.0
uattacked1_1=0.0
attackOnY1_1=0.0
attackOnY2_1=0.0
y1_1=-3.46612e-05
y2_1=-0.0027501962
r1_1=-3.46612e-05
r2_1=-0.0027501962
r_1=0.0027848575
x1_2=-0.0014804804
x2_2=-0.000339155
z1_2=-0.000755031
z2_2=-0.0002092707
xabs1_2=0.0014804804
xabs2_2=0.000339155
attackOnU1_2=0.3676198057
u1_2=0.0
uattacked1_2=0.0
attackOnY1_2=0.0005700071
attackOnY2_2=0.0
y1_2=0.0
y2_2=0.0
r1_2=0.000755031
r2_2=0.0002092707
r_2=0.0009643017
x1_3=-0.0011568692
x2_3=0.0007405644
z1_3=-0.0002809196
z2_3=0.0001556432
xabs1_3=0.0011568692
xabs2_3=0.0007405644
attackOnU1_3=0.0
u1_3=0.0001111646
uattacked1_3=0.3677309703
attackOnY1_3=0.0
attackOnY2_3=0.0
y1_3=-0.0005868621
y2_3=0.0007405644
r1_3=-0.0003059424
r2_3=0.0005849211
r_3=0.0008908636
x1_4=0.1246574953
x2_4=0.1956068283
z1_4=-1.73306e-05
z2_4=0.0003696741
xabs1_4=0.1246574953
xabs2_4=0.1956068283
attackOnU1_4=0.0
u1_4=0.0001111646
uattacked1_4=0.3677309703
attackOnY1_4=0.0
attackOnY2_4=0.0
y1_4=0.0
y2_4=0.0
r1_4=1.73306e-05
r2_4=-0.0003696741
r_4=0.0003870048
x1_5=0.3109740959
x2_5=0.1542578294
z1_5=0.000128712
z2_5=8.12136e-05
xabs1_5=0.3109740959
xabs2_5=0.1542578294
attackOnU1_5=0.0
u1_5=0.0001111646
uattacked1_5=0.3677309703
attackOnY1_5=0.0
attackOnY2_5=0.0
y1_5=0.0
y2_5=0.0
r1_5=-0.000128712
r2_5=-8.12136e-05
r_5=0.0002099257
x1_6=0.4120280828
x2_6=0.0501346612
z1_6=9.75251e-05
z2_6=3.46612e-05
xabs1_6=0.4120280828
xabs2_6=0.0501346612
attackOnU1_6=0.0
u1_6=0.0001111646
uattacked1_6=0.3677309703
attackOnY1_6=0.0
attackOnY2_6=0.0
y1_6=0.0
y2_6=0.0
r1_6=-9.75251e-05
r2_6=-3.46612e-05
r_6=0.0001321864
attack on control signal component 1
[0.         0.         0.36761981 0.         0.         0.
 0.         0.        ]
attack on sensor 1
[0.         0.         0.00057001 0.         0.         0.
 0.         0.        ]
attack on sensor 2
[0. 0. 0. 0. 0. 0. 0. 0.]
