sat
x1_0=-0.0001530043
x2_0=0.0008489672
z1_0=0.0
z2_0=0.0
xabs1_0=0.0001530043
xabs2_0=0.0008489672
attackOnU1_0=0.0
u1_0=0.0
uattacked1_0=0.0
attackOnY1_0=0.0
attackOnY2_0=0.0
y1_0=0.0
y2_0=0.0
r1_0=0.0
r2_0=0.0
r_0=0.0
x1_1=0.0003489697
x2_1=0.000191458
z1_1=0.0
z2_1=0.0
xabs1_1=0.0003489697
xabs2_1=0.000191458
attackOnU1_1=0.0
u1_1=0.0
uattacked1_1=0.0
attackOnY1_1=0.0
attackOnY2_1=0.0
y1_1=0.0003489697
y2_1=0.000191458
r1_1=0.0003489697
r2_1=0.000191458
r_1=0.0005404278
x1_2=0.0003317928
x2_2=-0.0001600644
z1_2=0.0001773227
z2_2=-9.28639e-05
xabs1_2=0.0003317928
xabs2_2=0.0001600644
attackOnU1_2=0.0736584572
u1_2=0.0
uattacked1_2=0.0
attackOnY1_2=-0.0297990881
attackOnY2_2=0.0
y1_2=0.0
y2_2=0.0
r1_2=-0.0001773227
r2_2=9.28639e-05
r_2=0.0002701867
x1_3=0.0001341491
x2_3=-0.0001966585
z1_3=2.90522e-05
z2_3=-4.36542e-05
xabs1_3=0.0001341491
xabs2_3=0.0001966585
attackOnU1_3=0.0957759854
u1_3=2.08416e-05
uattacked1_3=0.0736792989
attackOnY1_3=-0.0356867929
attackOnY2_3=0.0
y1_3=-0.029664939
y2_3=-0.0001966585
r1_3=-0.0296939912
r2_3=-0.0001530043
r_3=0.0298469956
x1_4=0.025035271
x2_4=0.0389533637
z1_4=-0.0107280241
z2_4=0.0091828703
xabs1_4=0.025035271
xabs2_4=0.0389533637
attackOnU1_4=0.0
u1_4=1.28167e-05
uattacked1_4=0.0957888022
attackOnY1_4=0.0
attackOnY2_4=0.0
y1_4=-0.0106515219
y2_4=0.0389533637
r1_4=7.65021e-05
r2_4=0.0297704934
r_4=0.0298469956
x1_5=0.0697367544
x2_5=0.0425633088
z1_5=0.005856357
z2_5=0.0092443426
xabs1_5=0.0697367544
xabs2_5=0.0425633088
attackOnU1_5=0.0332497027
u1_5=1.28167e-05
uattacked1_5=0.0957888022
attackOnY1_5=-0.0873014188
attackOnY2_5=0.0
y1_5=0.0
y2_5=0.0
r1_5=-0.005856357
r2_5=-0.0092443426
r_5=0.0151006996
x1_6=0.1011530043
x2_6=0.0193408154
z1_6=0.0041647939
z2_6=-0.0008193885
xabs1_6=0.1011530043
xabs2_6=0.0193408154
attackOnU1_6=-0.0034080407
u1_6=-0.0033817931
uattacked1_6=0.0298679096
attackOnY1_6=-0.0769950237
attackOnY2_6=0.0
y1_6=0.0138515855
y2_6=0.0193408154
r1_6=0.0096867916
r2_6=0.020160204
r_6=0.0298469956
x1_7=0.0871667043
x2_7=-0.0352667941
z1_7=0.0100951784
z2_7=-0.0054963007
xabs1_7=0.0871667043
xabs2_7=0.0352667941
attackOnU1_7=0.0
u1_7=3.93273e-05
uattacked1_7=-0.0033687134
attackOnY1_7=0.0
attackOnY2_7=0.0
y1_7=0.0101716806
y2_7=-0.0352667941
r1_7=7.65021e-05
r2_7=-0.0297704934
r_7=0.0298469956
x1_8=0.0376932613
x2_8=-0.0525684546
z1_8=-0.0042473427
z2_8=-0.0084494753
xabs1_8=0.0376932613
xabs2_8=0.0525684546
attackOnU1_8=0.0
u1_8=3.93273e-05
uattacked1_8=-0.0033687134
attackOnY1_8=0.0
attackOnY2_8=0.0
y1_8=0.0
y2_8=0.0
r1_8=0.0042473427
r2_8=0.0084494753
r_8=0.0126968181
x1_9=-0.004129091
x2_9=-0.0285967457
z1_9=-0.0034576951
z2_9=0.0005327851
xabs1_9=0.004129091
xabs2_9=0.0285967457
attackOnU1_9=0.0
u1_9=0.0030295488
uattacked1_9=0.0030295488
attackOnY1_9=0.0
attackOnY2_9=0.0
y1_9=-0.004129091
y2_9=-0.0285967457
r1_9=-0.0006713959
r2_9=-0.0291295308
r_9=0.0298009267
x1_10=-0.0168514287
x2_10=7.65021e-05
z1_10=-0.0090763319
z2_10=0.0013852716
xabs1_10=0.0168514287
xabs2_10=7.65021e-05
attackOnU1_10=0.0
u1_10=1.6109e-05
uattacked1_10=1.6109e-05
attackOnY1_10=0.0
attackOnY2_10=0.0
y1_10=-0.0168514287
y2_10=7.65021e-05
r1_10=-0.0077750968
r2_10=-0.0013087694
r_10=0.0090838662
attack on control signal component 1
[ 0.          0.          0.07365846  0.09577599  0.          0.0332497
 -0.00340804  0.          0.          0.          0.          0.        ]
attack on sensor 1
[ 0.          0.         -0.02979909 -0.03568679  0.         -0.08730142
 -0.07699502  0.          0.          0.          0.          0.        ]
attack on sensor 2
[0. 0. 0. 0. 0. 0. 0. 0. 0. 0. 0. 0.]
