sat
x1_0=0.0002746492
x2_0=-0.0001823302
z1_0=0.0
z2_0=0.0
xabs1_0=0.0002746492
xabs2_0=0.0001823302
attackOnU1_0=0.1200382531
u1_0=0.0
uattacked1_0=0.0
attackOnY1_0=-0.0025445656
attackOnY2_0=0.0
y1_0=0.0
y2_0=0.0
r1_0=0.0
r2_0=0.0
r_0=0.0
x1_1=8.46335e-05
x2_1=-0.000169267
z1_1=0.0
z2_1=0.0
xabs1_1=8.46335e-05
xabs2_1=0.000169267
attackOnU1_1=0.0
u1_1=0.0
uattacked1_1=0.1200382531
attackOnY1_1=0.0
attackOnY2_1=0.0
y1_1=-0.0024599321
y2_1=-0.000169267
r1_1=-0.0024599321
r2_1=-0.000169267
r_1=0.0026291991
x1_2=0.0407791526
x2_2=0.0635534137
z1_2=-0.0009312776
z2_2=0.0007490375
xabs1_2=0.0407791526
xabs2_2=0.0635534137
attackOnU1_2=0.0
u1_2=0.0
uattacked1_2=0.1200382531
attackOnY1_2=0.0
attackOnY2_2=0.0
y1_2=0.0
y2_2=0.0
r1_2=0.0009312776
r2_2=-0.0007490375
r_2=0.0016803152
x1_3=0.1014105561
x2_3=0.050269267
z1_3=-8.46335e-05
z2_3=0.0002423329
xabs1_3=0.1014105561
xabs2_3=0.050269267
attackOnU1_3=0.0128967112
u1_3=0.0
uattacked1_3=0.1200382531
attackOnY1_3=-0.1462045866
attackOnY2_3=0.0
y1_3=0.0
y2_3=0.0
r1_3=8.46335e-05
r2_3=-0.0002423329
r_3=0.0003269664
x1_4=0.1343866846
x2_4=0.0164076841
z1_4=3.76165e-05
z2_4=3.0736e-05
xabs1_4=0.1343866846
xabs2_4=0.0164076841
attackOnU1_4=0.0
u1_4=-7.54096e-05
uattacked1_4=0.0128213015
attackOnY1_4=0.0
attackOnY2_4=0.0
y1_4=-0.0118179019
y2_4=0.0164076841
r1_4=-0.0118555184
r2_4=0.0163769481
r_4=0.0282324666
x1_5=0.101750527
x2_5=-0.062296654
z1_5=0.000169267
z2_5=0.0049294583
xabs1_5=0.101750527
xabs2_5=0.062296654
attackOnU1_5=0.0
u1_5=-7.54096e-05
uattacked1_5=0.0128213015
attackOnY1_5=0.0
attackOnY2_5=0.0
y1_5=0.0
y2_5=0.0
r1_5=-0.000169267
r2_5=-0.0049294583
r_5=0.0050987254
x1_6=0.0384973636
x2_6=-0.0552310545
z1_6=0.0013068
z2_6=0.000169267
xabs1_6=0.0384973636
xabs2_6=0.0552310545
attackOnU1_6=0.0
u1_6=-7.54096e-05
uattacked1_6=0.0128213015
attackOnY1_6=0.0
attackOnY2_6=0.0
y1_6=0.0
y2_6=0.0
r1_6=-0.0013068
r2_6=-0.000169267
r_6=0.001476067
x1_7=0.0004950436
x2_7=-0.02078835
z1_7=0.0004104101
z2_7=-0.0003189997
xabs1_7=0.0004950436
xabs2_7=0.02078835
attackOnU1_7=0.0
u1_7=-0.0001286177
uattacked1_7=-0.0001286177
attackOnY1_7=0.0
attackOnY2_7=0.0
y1_7=0.0004950436
y2_7=-0.02078835
r1_7=8.46335e-05
r2_7=-0.0204693502
r_7=0.0205539837
attack on control signal component 1
[0.12003825 0.         0.         0.01289671 0.         0.
 0.         0.         0.        ]
attack on sensor 1
[-0.00254457  0.          0.         -0.14620459  0.          0.
  0.          0.          0.        ]
attack on sensor 2
[0. 0. 0. 0. 0. 0. 0. 0. 0.]
