sat
x1_0=0.0624998875
x2_0=-0.0624998466
z1_0=0.0
z2_0=0.0
xabs1_0=0.0624998875
xabs2_0=0.0624998466
attackOnU1_0=0.0
u1_0=0.0
uattacked1_0=0.0
attackOnY1_0=0.0
y1_0=0.0
r1_0=0.0
r_0=0.0
x1_1=0.0499999181
x2_1=-0.0624998466
z1_1=0.0
z2_1=0.0
xabs1_1=0.0499999181
xabs2_1=0.0624998466
attackOnU1_1=0.0
u1_1=0.0
uattacked1_1=0.0
attackOnY1_1=0.0
y1_1=0.0499999181
r1_1=0.0499999181
r_1=0.0499999181
x1_2=0.0374999488
x2_2=-0.0624998466
z1_2=0.0422449308
z2_2=0.064174895
xabs1_2=0.0374999488
xabs2_2=0.0624998466
attackOnU1_2=0.0
u1_2=0.0
uattacked1_2=0.0
attackOnY1_2=0.0
y1_2=0.0374999488
r1_2=-0.004744982
r_2=0.004744982
x1_3=0.0249999795
x2_3=-0.0624998466
z1_3=0.0510708745
z2_3=0.0580847105
xabs1_3=0.0249999795
xabs2_3=0.0624998466
attackOnU1_3=0.0
u1_3=0.0
uattacked1_3=0.0
attackOnY1_3=0.0
y1_3=0.0249999795
r1_3=-0.026070895
r_3=0.026070895
x1_4=0.0125000102
x2_4=-0.0624998466
z1_4=0.0406605174
z2_4=0.0246227168
xabs1_4=0.0125000102
xabs2_4=0.0624998466
attackOnU1_4=0.0
u1_4=0.0
uattacked1_4=0.0
attackOnY1_4=0.0
y1_4=0.0125000102
r1_4=-0.0281605072
r_4=0.0281605072
x1_5=4.09e-08
x2_5=-0.0624998466
z1_5=0.0217922482
z2_5=-0.0115212942
xabs1_5=4.09e-08
xabs2_5=0.0624998466
attackOnU1_5=-54.4613319765
u1_5=0.0
uattacked1_5=0.0
attackOnY1_5=0.0135756
y1_5=4.09e-08
r1_5=-0.0217922073
r_5=0.0217922073
x1_6=-0.0124999284
x2_6=-0.0624998466
z1_6=0.0010757534
z2_6=-0.0394915924
xabs1_6=0.0124999284
xabs2_6=0.0624998466
attackOnU1_6=109.5472597369
u1_6=0.2425249805
uattacked1_6=-54.2188069959
attackOnY1_6=1.1074038212
y1_6=0.0010756716
r1_6=-8.18e-08
r_6=8.18e-08
x1_7=-1.1093760376
x2_7=-10.9062612458
z1_7=-0.0019721345
z2_7=0.0090132987
xabs1_7=1.1093760376
xabs2_7=10.9062612458
attackOnU1_7=-54.9717473514
u1_7=-0.0158494853
uattacked1_7=109.5314102516
attackOnY1_7=1.0993799088
y1_7=-0.0019722163
r1_7=-8.18e-08
r_7=8.18e-08
x1_8=-1.1000000818
x2_8=11.0000208045
z1_8=-0.0004865336
z2_8=0.0058432966
xabs1_8=1.1000000818
xabs2_8=11.0000208045
attackOnU1_8=0.0
u1_8=-0.0283950897
uattacked1_8=-55.0001424412
attackOnY1_8=0.0
y1_8=-0.0006201729
r1_8=-0.0001336392
r_8=0.0001336392
x1_9=1.2302e-06
x2_9=-7.6837e-06
z1_9=1.312e-06
z2_9=-7.2472e-06
xabs1_9=1.2302e-06
xabs2_9=7.6837e-06
attackOnU1_9=0.0
u1_9=1.90048e-05
uattacked1_9=1.90048e-05
attackOnY1_9=0.0
y1_9=1.2302e-06
r1_9=-8.18e-08
r_9=8.18e-08
x1_10=7.36e-08
x2_10=-3.8827e-06
z1_10=1.736e-07
z2_10=-3.5513e-06
xabs1_10=7.36e-08
xabs2_10=3.8827e-06
attackOnU1_10=0.0
u1_10=1.90048e-05
uattacked1_10=1.90048e-05
attackOnY1_10=0.0
y1_10=7.36e-08
r1_10=-9.99e-08
r_10=9.99e-08
x1_11=-3.228e-07
x2_11=-8.18e-08
z1_11=-2.41e-07
z2_11=1.213e-07
xabs1_11=3.228e-07
xabs2_11=8.18e-08
attackOnU1_11=0.0
u1_11=1.90048e-05
uattacked1_11=1.90048e-05
attackOnY1_11=0.0
y1_11=-3.228e-07
r1_11=-8.18e-08
r_11=8.18e-08
attack on control signal component 1
[  0.           0.           0.           0.           0.
 -54.46133198 109.54725974 -54.97174735   0.           0.
   0.           0.           0.        ]
attack on sensor 1
[0.         0.         0.         0.         0.         0.0135756
 1.10740382 1.09937991 0.         0.         0.         0.
 0.        ]
