sat
x1_0=-0.0287740759
x2_0=-0.103179012
z1_0=0.0
z2_0=0.0
xabs1_0=0.0287740759
xabs2_0=0.103179012
attackOnU1_0=0.0
u1_0=0.0
uattacked1_0=0.0
attackOnY1_0=0.0
y1_0=0.0
r1_0=0.0
r_0=0.0
x1_1=-0.0494098783
x2_1=-0.103179012
z1_1=0.0
z2_1=0.0
xabs1_1=0.0494098783
xabs2_1=0.103179012
attackOnU1_1=0.0
u1_1=0.0
uattacked1_1=0.0
attackOnY1_1=0.0
y1_1=-0.0494098783
r1_1=-0.0494098783
r_1=0.0494098783
x1_2=-0.0700456807
x2_2=-0.103179012
z1_2=-0.0417464062
z2_2=-0.0634175789
xabs1_2=0.0700456807
xabs2_2=0.103179012
attackOnU1_2=0.0
u1_2=1.3840895501
uattacked1_2=1.3840895501
attackOnY1_2=0.0
y1_2=-0.0700456807
r1_2=-0.0282992745
r_2=0.0282992745
x1_3=-0.0629996922
x2_3=0.1736388979
z1_3=-0.050658188
z2_3=0.1770782122
xabs1_3=0.0629996922
xabs2_3=0.1736388979
attackOnU1_3=0.0
u1_3=1.3840895501
uattacked1_3=1.3840895501
attackOnY1_3=0.0
y1_3=-0.0629996922
r1_3=-0.0123415041
r_3=0.0123415041
x1_4=-0.0005901216
x2_4=0.4504568079
z1_4=0.0020119085
z2_4=0.4380558017
xabs1_4=0.0005901216
xabs2_4=0.4504568079
attackOnU1_4=-11.4119409571
u1_4=1.3840895501
uattacked1_4=1.3840895501
attackOnY1_4=-0.0514865047
y1_4=-0.0005901216
r1_4=-0.0026020301
r_4=0.0026020301
x1_5=0.1171830309
x2_5=0.727274718
z1_5=0.1151064046
z2_5=0.711534006
xabs1_5=0.1171830309
xabs2_5=0.727274718
attackOnU1_5=0.0
u1_5=-7.4465970404
uattacked1_5=-18.8585379976
attackOnY1_5=0.1318577657
y1_5=0.0656965262
r1_5=-0.0494098783
r_5=0.0494098783
x1_6=-0.1145327853
x2_6=-3.0444328815
z1_6=0.0667348587
z2_6=-0.8412029809
xabs1_6=0.1145327853
xabs2_6=3.0444328815
attackOnU1_6=38.4381711901
u1_6=-7.4465970404
uattacked1_6=-18.8585379976
attackOnY1_6=0.8048311037
y1_6=0.0173249803
r1_6=-0.0494098783
r_6=0.0494098783
x1_7=-1.1005901216
x2_7=-6.816140481
z1_7=-0.2921840844
z2_7=-2.3939399679
xabs1_7=1.1005901216
xabs2_7=6.816140481
attackOnU1_7=-6.1317138702
u1_7=22.8783887511
uattacked1_7=61.3165599413
attackOnY1_7=0.8716523763
y1_7=-0.2957590178
r1_7=-0.0035749334
r_7=0.0035749334
x1_8=-1.2374870189
x2_8=5.4471715072
z1_8=-0.3164247642
z2_8=2.1771493552
xabs1_8=1.2374870189
xabs2_8=5.4471715072
attackOnU1_8=0.0
u1_8=-7.4876902018
uattacked1_8=-13.6194040721
attackOnY1_8=0.3482407562
y1_8=-0.3658346426
r1_8=-0.0494098783
r_8=0.0494098783
x1_9=-0.4204407989
x2_9=2.7232906928
z1_9=-0.0724951035
z2_9=0.6161937359
xabs1_9=0.4204407989
xabs2_9=2.7232906928
attackOnU1_9=0.0
u1_9=-7.4876902018
uattacked1_9=-13.6194040721
attackOnY1_9=0.0
y1_9=-0.0722000427
r1_9=0.0002950608
r_9=0.0002950608
x1_10=-0.1481707418
x2_10=-0.0005901216
z1_10=-0.0987608634
z2_10=-0.8809655938
xabs1_10=0.1481707418
xabs2_10=0.0005901216
attackOnU1_10=0.0
u1_10=-7.4876902018
uattacked1_10=-13.6194040721
attackOnY1_10=0.0
y1_10=-0.1481707418
r1_10=-0.0494098783
r_10=0.0494098783
x1_11=-0.4206768476
x2_11=-2.724470936
z1_11=-0.4664541925
z2_11=-2.4419212131
xabs1_11=0.4206768476
xabs2_11=2.724470936
attackOnU1_11=0.0
u1_11=27.1900440341
uattacked1_11=27.1900440341
attackOnY1_11=0.0
y1_11=-0.4206768476
r1_11=0.0457773449
r_11=0.0457773449
x1_12=-0.4217701541
x2_12=2.7135378707
z1_12=-0.3723602757
z2_12=3.0548428158
xabs1_12=0.4217701541
xabs2_12=2.7135378707
attackOnU1_12=0.0
u1_12=27.1900440341
uattacked1_12=27.1900440341
attackOnY1_12=0.0
y1_12=-0.4217701541
r1_12=-0.0494098783
r_12=0.0494098783
attack on control signal component 1
[  0.           0.           0.           0.         -11.41194096
   0.          38.43817119  -6.13171387   0.           0.
   0.           0.           0.           0.        ]
attack on sensor 1
[ 0.          0.          0.          0.         -0.0514865   0.13185777
  0.8048311   0.87165238  0.34824076  0.          0.          0.
  0.          0.        ]
