sat
x1_0=-0.1
x2_0=-1.0
z1_0=0.0
z2_0=0.0
xabs1_0=0.1
xabs2_0=1.0
attackOnU1_0=-152.3734433283
u1_0=0.0
uattacked1_0=0.0
attackOnY1_0=0.2502710493
y1_0=0.0
r1_0=0.0
r_0=0.0
x1_1=-0.3
x2_1=-1.0
z1_1=0.0
z2_1=0.0
xabs1_1=0.3
xabs2_1=1.0
attackOnU1_1=105.4790605501
u1_1=0.0
uattacked1_1=-152.3734433283
attackOnY1_1=3.4557239255
y1_1=-0.0497289506
r1_1=-0.0497289506
r_1=0.0497289506
x1_2=-3.5474688665
x2_2=-31.4746886656
z1_2=-0.0420159903
z2_2=-0.0638271081
xabs1_2=3.5474688665
xabs2_2=31.4746886656
attackOnU1_2=0.0
u1_2=1.3930275313
uattacked1_2=106.8720880815
attackOnY1_2=7.5862990356
y1_2=-0.091744941
r1_2=-0.0497289506
r_2=0.0497289506
x1_3=-7.704964838
x2_3=-10.1002710493
z1_3=-0.0689368517
z2_3=0.1509512899
xabs1_3=7.704964838
xabs2_3=10.1002710493
attackOnU1_3=0.0
u1_3=1.3930275313
uattacked1_3=106.8720880815
attackOnY1_3=7.4876521456
y1_3=-0.1186658024
r1_3=-0.0497289506
r_3=0.0497289506
x1_4=-7.5875772863
x2_4=11.2741465669
z1_4=-0.0529020335
z2_4=0.3657296881
xabs1_4=7.5875772863
xabs2_4=11.2741465669
attackOnU1_4=-160.4867922771
u1_4=1.3930275313
uattacked1_4=106.8720880815
attackOnY1_4=3.2034097934
y1_4=-0.0999251406
r1_4=-0.047023107
r_4=0.047023107
x1_5=-3.1953062112
x2_5=32.6485641832
z1_5=0.0083746315
z2_5=0.5839810364
xabs1_5=3.1953062112
xabs2_5=32.6485641832
attackOnU1_5=0.0
u1_5=-4.1418828419
uattacked1_5=-164.628675119
attackOnY1_5=0.0
y1_5=0.0081035821
r1_5=-0.0002710493
r_5=0.0002710493
x1_6=0.0418331229
x2_6=-0.2771708405
z1_6=0.0421041723
z2_6=-0.2447434238
xabs1_6=0.0418331229
xabs2_6=0.2771708405
attackOnU1_6=0.0
u1_6=0.6922494779
uattacked1_6=0.6922494779
attackOnY1_6=0.0
y1_6=0.0418331229
r1_6=-0.0002710493
r_6=0.0002710493
x1_7=0.0002439444
x2_7=-0.1387209449
z1_7=0.0067714675
z2_7=-0.10664142
xabs1_7=0.0002439444
xabs2_7=0.1387209449
attackOnU1_7=0.0
u1_7=0.6922494779
uattacked1_7=0.6922494779
attackOnY1_7=0.0
y1_7=0.0002439444
r1_7=-0.0065275231
r_7=0.0065275231
x1_8=-0.013655255
x2_8=-0.0002710493
z1_8=-0.0062269311
z2_8=0.0234303996
xabs1_8=0.013655255
xabs2_8=0.0002710493
attackOnU1_8=0.0
u1_8=0.6922494779
uattacked1_8=0.6922494779
attackOnY1_8=0.0
y1_8=-0.013655255
r1_8=-0.0074283238
r_8=0.0074283238
attack on control signal component 1
[-152.37344333  105.47906055    0.            0.         -160.48679228
    0.            0.            0.            0.            0.        ]
attack on sensor 1
[0.25027105 3.45572393 7.58629904 7.48765215 3.20340979 0.
 0.         0.         0.         0.        ]
