sat
x1_0=-0.0077906646
x2_0=-0.2109844172
z1_0=0.0
z2_0=0.0
xabs1_0=0.0077906646
xabs2_0=0.2109844172
attackOnU1_0=0.0
u1_0=0.0
uattacked1_0=0.0
attackOnY1_0=0.0
y1_0=0.0
r1_0=0.0
r_0=0.0
x1_1=-0.049987548
x2_1=-0.2109844172
z1_1=0.0
z2_1=0.0
xabs1_1=0.049987548
xabs2_1=0.2109844172
attackOnU1_1=0.0
u1_1=0.0
uattacked1_1=0.0
attackOnY1_1=0.0
y1_1=-0.049987548
r1_1=-0.049987548
r_1=0.049987548
x1_2=-0.0921844315
x2_2=-0.2109844172
z1_2=-0.0422344793
z2_2=-0.0641590179
xabs1_2=0.0921844315
xabs2_2=0.2109844172
attackOnU1_2=0.0
u1_2=0.0
uattacked1_2=0.0
attackOnY1_2=0.0
y1_2=-0.0921844315
r1_2=-0.0499499521
r_2=0.0499499521
x1_3=-0.1343813149
x2_3=-0.2109844172
z1_3=-0.0972689975
z2_3=-0.1282697815
xabs1_3=0.1343813149
xabs2_3=0.2109844172
attackOnU1_3=0.0
u1_3=0.0
uattacked1_3=0.0
attackOnY1_3=0.0
y1_3=-0.1343813149
r1_3=-0.0371123174
r_3=0.0371123174
x1_4=-0.1765781984
x2_4=-0.2109844172
z1_4=-0.1542791508
z2_4=-0.1759034409
xabs1_4=0.1765781984
xabs2_4=0.2109844172
attackOnU1_4=0.0
u1_4=0.0
uattacked1_4=0.0
attackOnY1_4=0.0
y1_4=-0.1765781984
r1_4=-0.0222990475
r_4=0.0222990475
x1_5=-0.2187750818
x2_5=-0.2109844172
z1_5=-0.2083003043
z2_5=-0.2045242685
xabs1_5=0.2187750818
xabs2_5=0.2109844172
attackOnU1_5=0.0
u1_5=6.1491449653
uattacked1_5=6.1491449653
attackOnY1_5=0.0
y1_5=-0.2187750818
r1_5=-0.0104747775
r_5=0.0104747775
x1_6=-0.137989066
x2_6=1.0188445758
z1_6=-0.1350723982
z2_6=1.0118603475
xabs1_6=0.137989066
xabs2_6=1.0188445758
attackOnU1_6=0.0
u1_6=6.1491449653
uattacked1_6=6.1491449653
attackOnY1_6=0.0
y1_6=-0.137989066
r1_6=-0.0029166677
r_6=0.0029166677
x1_7=0.1887627484
x2_7=2.2486735688
z1_7=0.1878182779
z2_7=2.2379457976
xabs1_7=0.1887627484
xabs2_7=2.2486735688
attackOnU1_7=1.0126223052
u1_7=-19.4354173712
uattacked1_7=-19.4354173712
attackOnY1_7=-0.0522795897
y1_7=0.1887627484
r1_7=0.0009444704
r_7=0.0009444704
x1_8=0.2497891148
x2_8=-1.6384099053
z1_8=0.2474970731
z2_8=-1.6479254487
xabs1_8=0.2497891148
xabs2_8=1.6384099053
attackOnU1_8=-0.3734171791
u1_8=5.4847908679
uattacked1_8=6.4974131731
attackOnY1_8=-0.0166945277
y1_8=0.197509525
r1_8=-0.049987548
r_8=0.049987548
x1_9=0.0520553972
x2_9=-0.3389272707
z1_9=-0.0146266786
z2_9=-0.6151262931
xabs1_9=0.0520553972
xabs2_9=0.3389272707
attackOnU1_9=0.0
u1_9=4.4956011519
uattacked1_9=4.1221839727
attackOnY1_9=-0.0222315092
y1_9=0.0353608694
r1_9=0.049987548
r_9=0.049987548
x1_10=0.0667136225
x2_10=0.4855095238
z1_10=-0.0055054348
z2_10=0.3481529551
xabs1_10=0.0667136225
xabs2_10=0.4855095238
attackOnU1_10=0.0
u1_10=4.4956011519
uattacked1_10=4.1221839727
attackOnY1_10=0.0
y1_10=0.0444821132
r1_10=0.049987548
r_10=0.049987548
x1_11=0.2462592067
x2_11=1.3099463183
z1_11=0.1962716586
z2_11=1.3114322035
xabs1_11=0.2462592067
xabs2_11=1.3099463183
attackOnU1_11=0.0
u1_11=4.4956011519
uattacked1_11=4.1221839727
attackOnY1_11=0.0
y1_11=0.2462592067
r1_11=0.049987548
r_11=0.049987548
x1_12=0.5906921498
x2_12=2.1343831129
z1_12=0.5907046017
z2_12=2.2747114519
xabs1_12=0.5906921498
xabs2_12=2.1343831129
attackOnU1_12=0.0
u1_12=4.4956011519
uattacked1_12=4.1221839727
attackOnY1_12=0.0
y1_12=0.5906921498
r1_12=-1.24519e-05
r_12=1.24519e-05
x1_13=1.1000124519
x2_13=2.9588199074
z1_13=1.1355483945
z2_13=3.1738157002
xabs1_13=1.1000124519
xabs2_13=2.9588199074
attackOnU1_13=0.0
u1_13=-47.4489435328
uattacked1_13=-47.4489435328
attackOnY1_13=0.0
y1_13=1.1000124519
r1_13=-0.0355359426
r_13=0.0355359426
attack on control signal component 1
[ 0.          0.          0.          0.          0.          0.
  0.          1.01262231 -0.37341718  0.          0.          0.
  0.          0.          0.        ]
attack on sensor 1
[ 0.          0.          0.          0.          0.          0.
  0.         -0.05227959 -0.01669453 -0.02223151  0.          0.
  0.          0.          0.        ]
