sat
x1_0=0.0068548951
x2_0=-0.0378758186
z1_0=0.0
z2_0=0.0
xabs1_0=0.0068548951
xabs2_0=0.0378758186
attackOnU1_0=0.0
u1_0=0.0
uattacked1_0=0.0
attackOnY1_0=0.0
y1_0=0.0
r1_0=0.0
r_0=0.0
x1_1=-0.0007202685
x2_1=-0.0378758186
z1_1=0.0
z2_1=0.0
xabs1_1=0.0007202685
xabs2_1=0.0378758186
attackOnU1_1=0.0
u1_1=0.0
uattacked1_1=0.0
attackOnY1_1=0.0
y1_1=-0.0007202685
r1_1=-0.0007202685
r_1=0.0007202685
x1_2=-0.0082954322
x2_2=-0.0378758186
z1_2=-0.0006085549
z2_2=-0.0009244647
xabs1_2=0.0082954322
xabs2_2=0.0378758186
attackOnU1_2=0.0
u1_2=0.0
uattacked1_2=0.0
attackOnY1_2=0.0
y1_2=-0.0082954322
r1_2=-0.0076868773
r_2=0.0076868773
x1_3=-0.015870596
x2_3=-0.0378758186
z1_3=-0.0072880905
z2_3=-0.0107905718
xabs1_3=0.015870596
xabs2_3=0.0378758186
attackOnU1_3=0.0
u1_3=0.0
uattacked1_3=0.0
attackOnY1_3=0.0
y1_3=-0.015870596
r1_3=-0.0085825054
r_3=0.0085825054
x1_4=-0.0234457597
x2_4=-0.0378758186
z1_4=-0.0166975637
z2_4=-0.0218062175
xabs1_4=0.0234457597
xabs2_4=0.0378758186
attackOnU1_4=0.0
u1_4=0.0
uattacked1_4=0.0
attackOnY1_4=0.0
y1_4=-0.0234457597
r1_4=-0.0067481959
r_4=0.0067481959
x1_5=-0.0310209234
x2_5=-0.0378758186
z1_5=-0.026760358
z2_5=-0.030467527
xabs1_5=0.0310209234
xabs2_5=0.0378758186
attackOnU1_5=0.0
u1_5=0.8183394205
uattacked1_5=0.8183394205
attackOnY1_5=0.0
y1_5=-0.0310209234
r1_5=-0.0042605653
r_5=0.0042605653
x1_6=-0.0222292987
x2_6=0.1257920654
z1_6=-0.0200868267
z2_6=0.1277319213
xabs1_6=0.0222292987
xabs2_6=0.1257920654
attackOnU1_6=0.0
u1_6=0.8183394205
uattacked1_6=0.8183394205
attackOnY1_6=0.0
y1_6=-0.0222292987
r1_6=-0.0021424719
r_6=0.0021424719
x1_7=0.0192959027
x2_7=0.2894599495
z1_7=0.0200161712
z2_7=0.2886499426
xabs1_7=0.0192959027
xabs2_7=0.2894599495
attackOnU1_7=-59.0523522466
u1_7=0.8183394205
uattacked1_7=0.8183394205
attackOnY1_7=-0.0493300191
y1_7=0.0192959027
r1_7=-0.0007202685
r_7=0.0007202685
x1_8=0.093554681
x2_8=0.4531278336
z1_8=0.0935043933
z2_8=0.451393362
xabs1_8=0.093554681
xabs2_8=0.4531278336
attackOnU1_8=116.9816838206
u1_8=-5.1926735716
uattacked1_8=-64.2450258182
attackOnY1_8=1.1106055257
y1_8=0.0442246618
r1_8=-0.0492797314
r_8=0.0492797314
x1_9=-1.1007202685
x2_9=-12.3958773299
z1_9=0.0382931491
z2_9=-0.6503918876
xabs1_9=1.1007202685
xabs2_9=12.3958773299
attackOnU1_9=-59.4455502341
u1_9=3.5234095827
uattacked1_9=120.5050934033
attackOnY1_9=1.0950540057
y1_9=0.0098852571
r1_9=-0.028407892
r_9=0.028407892
x1_10=-1.1697938664
x2_10=11.7051413507
z1_10=-0.0453188646
z2_10=0.0178284995
xabs1_10=1.1697938664
xabs2_10=11.7051413507
attackOnU1_10=0.0
u1_10=0.9162421377
uattacked1_10=-58.5293080964
attackOnY1_10=0.0
y1_10=-0.0747398607
r1_10=-0.029420996
r_10=0.029420996
x1_11=0.0006482417
x2_11=-0.0007202685
z1_11=-0.0482861215
z2_11=0.1633150786
xabs1_11=0.0006482417
xabs2_11=0.0007202685
attackOnU1_11=0.0
u1_11=0.0
uattacked1_11=0.0
attackOnY1_11=0.0
y1_11=0.0006482417
r1_11=0.0489343632
r_11=0.0489343632
x1_12=0.000504188
x2_12=-0.0007202685
z1_12=0.0257215376
z2_12=0.2261223338
xabs1_12=0.000504188
xabs2_12=0.0007202685
attackOnU1_12=0.0
u1_12=0.0
uattacked1_12=0.0
attackOnY1_12=0.0
y1_12=0.000504188
r1_12=-0.0252173496
r_12=0.0252173496
x1_13=0.0003601342
x2_13=-0.0007202685
z1_13=0.0496398657
z2_13=0.1937558655
xabs1_13=0.0003601342
xabs2_13=0.0007202685
attackOnU1_13=0.0
u1_13=-2.4463427365
uattacked1_13=-2.4463427365
attackOnY1_13=0.0
y1_13=0.0003601342
r1_13=-0.0492797314
r_13=0.0492797314
attack on control signal component 1
[  0.           0.           0.           0.           0.
   0.           0.         -59.05235225 116.98168382 -59.44555023
   0.           0.           0.           0.           0.        ]
attack on sensor 1
[ 0.          0.          0.          0.          0.          0.
  0.         -0.04933002  1.11060553  1.09505401  0.          0.
  0.          0.          0.        ]
