sat
x1_0=-0.005659414
x2_0=-1.0
z1_0=0.0
z2_0=0.0
xabs1_0=0.005659414
xabs2_0=1.0
attackOnU1_0=75.5659414023
u1_0=0.0
uattacked1_0=0.0
attackOnY1_0=0.2
y1_0=0.0
r1_0=0.0
r_0=0.0
x1_1=-0.205659414
x2_1=-1.0
z1_1=0.0
z2_1=0.0
xabs1_1=0.205659414
xabs2_1=1.0
attackOnU1_1=0.0
u1_1=0.0
uattacked1_1=75.5659414023
attackOnY1_1=-1.1161004669
y1_1=-0.005659414
r1_1=-0.005659414
r_1=0.005659414
x1_2=1.105659414
x2_2=14.1131882804
z1_2=-0.0047816389
z2_2=-0.0072638578
xabs1_2=1.105659414
xabs2_2=14.1131882804
attackOnU1_2=-356.6484641752
u1_2=0.0
uattacked1_2=75.5659414023
attackOnY1_2=-5.4664941269
y1_2=-0.0104410529
r1_2=-0.005659414
r_2=0.005659414
x1_3=5.4396158981
x2_3=29.2263765609
z1_3=-0.0110160493
z2_3=-0.0145277157
xabs1_3=5.4396158981
xabs2_3=29.2263765609
attackOnU1_3=209.0138326979
u1_3=0.3503052717
uattacked1_3=-356.2981589035
attackOnY1_3=-4.2235860607
y1_3=-0.0268782287
r1_3=-0.0158621793
r_3=0.0158621793
x1_4=4.1589280322
x2_4=-42.0332552197
z1_4=-0.0203174424
z2_4=0.0351742313
xabs1_4=4.1589280322
xabs2_4=42.0332552197
attackOnU1_4=0.0
u1_4=0.2269061324
uattacked1_4=209.2407388304
attackOnY1_4=0.0
y1_4=-0.0646580284
r1_4=-0.0443405859
r_4=0.0443405859
x1_5=-0.062908235
x2_5=-0.1851074536
z1_5=-0.0462078346
z2_5=0.0236443157
xabs1_5=0.062908235
xabs2_5=0.1851074536
attackOnU1_5=0.0
u1_5=0.8972401981
uattacked1_5=0.8972401981
attackOnY1_5=0.0
y1_5=-0.062908235
r1_5=-0.0167004004
r_5=0.0167004004
x1_6=-0.0819849218
x2_6=-0.005659414
z1_6=-0.0376443358
z2_6=0.1816573914
xabs1_6=0.0819849218
xabs2_6=0.005659414
attackOnU1_6=0.0
u1_6=0.8972401981
uattacked1_6=0.8972401981
attackOnY1_6=0.0
y1_6=-0.0819849218
r1_6=-0.0443405859
r_6=0.0443405859
x1_7=-0.0651720006
x2_7=0.1737886256
z1_7=-0.0208314146
z2_7=0.3041942889
xabs1_7=0.0651720006
xabs2_7=0.1737886256
attackOnU1_7=0.0
u1_7=-1.5810940779
uattacked1_7=-1.5810940779
attackOnY1_7=0.0
y1_7=-0.0651720006
r1_7=-0.0443405859
r_7=0.0443405859
attack on control signal component 1
[  75.5659414     0.         -356.64846418  209.0138327     0.
    0.            0.            0.            0.        ]
attack on sensor 1
[ 0.2        -1.11610047 -5.46649413 -4.22358606  0.          0.
  0.          0.          0.        ]
