sat
x1_0=-0.0010149424
x2_0=0.001903017
z1_0=0.0
z2_0=0.0
xabs1_0=0.0010149424
xabs2_0=0.001903017
attackOnU1_0=0.0
u1_0=0.0
uattacked1_0=0.0
attackOnY1_0=0.0
y1_0=0.0
r1_0=0.0
r_0=0.0
x1_1=-0.000634339
x2_1=0.001903017
z1_1=0.0
z2_1=0.0
xabs1_1=0.000634339
xabs2_1=0.001903017
attackOnU1_1=0.0
u1_1=0.0
uattacked1_1=0.0
attackOnY1_1=0.0
y1_1=-0.000634339
r1_1=-0.000634339
r_1=0.000634339
x1_2=-0.0002537356
x2_2=0.001903017
z1_2=-0.000535953
z2_2=-0.0008141741
xabs1_2=0.0002537356
xabs2_2=0.001903017
attackOnU1_2=54.9737239822
u1_2=0.0
uattacked1_2=0.0
attackOnY1_2=0.0491590542
y1_2=-0.0002537356
r1_2=0.0002822174
r_2=0.0002822174
x1_3=0.0001268678
x2_3=0.001903017
z1_3=-0.0004603423
z2_3=-0.000451948
xabs1_3=0.0001268678
xabs2_3=0.001903017
attackOnU1_3=-108.4756076673
u1_3=0.0135892377
uattacked1_3=54.9873132199
attackOnY1_3=-1.0587557996
y1_3=0.049285922
r1_3=0.0497462643
r_3=0.0497462643
x1_4=1.1002537356
x2_4=10.9993656609
z1_4=0.0417516715
z2_4=0.0661152298
xabs1_4=1.1002537356
xabs2_4=10.9993656609
attackOnU1_4=53.7993295818
u1_4=-1.4024580049
uattacked1_4=-109.8780656723
attackOnY1_4=-1.0761081136
y1_4=0.0414979359
r1_4=-0.0002537356
r_4=0.0002537356
x1_5=1.1025655543
x2_5=-10.9762474734
z1_5=0.0267111762
z2_5=-0.2147020407
xabs1_5=1.1025655543
xabs2_5=10.9762474734
attackOnU1_5=0.0
u1_5=0.8412108251
uattacked1_5=54.640540407
attackOnY1_5=0.0
y1_5=0.0264574406
r1_5=-0.0002537356
r_5=0.0002537356
x1_6=0.0001268678
x2_6=-0.048139392
z1_6=0.0003806034
z2_6=-0.0467855453
xabs1_6=0.0001268678
xabs2_6=0.048139392
attackOnU1_6=0.0
u1_6=0.307768394
uattacked1_6=0.307768394
attackOnY1_6=0.0
y1_6=0.0001268678
r1_6=-0.0002537356
r_6=0.0002537356
x1_7=-0.0033456427
x2_7=0.0134142867
z1_7=-0.003035519
z2_7=0.0144424637
xabs1_7=0.0033456427
xabs2_7=0.0134142867
attackOnU1_7=0.0
u1_7=0.307768394
uattacked1_7=0.307768394
attackOnY1_7=0.0
y1_7=-0.0033456427
r1_7=-0.0003101237
r_7=0.0003101237
x1_8=0.0054925824
x2_8=0.0749679655
z1_8=0.005746318
z2_8=0.0755980987
xabs1_8=0.0054925824
xabs2_8=0.0749679655
attackOnU1_8=0.0
u1_8=-0.642844642
uattacked1_8=-0.642844642
attackOnY1_8=0.0
y1_8=0.0054925824
r1_8=-0.0002537356
r_8=0.0002537356
attack on control signal component 1
[   0.            0.           54.97372398 -108.47560767   53.79932958
    0.            0.            0.            0.            0.        ]
attack on sensor 1
[ 0.          0.          0.04915905 -1.0587558  -1.07610811  0.
  0.          0.          0.          0.        ]
