sat
x1_0=-0.056965001
x2_0=0.5293447169
z1_0=0.0
z2_0=0.0
xabs1_0=0.056965001
xabs2_0=0.5293447169
attackOnU1_0=0.0
u1_0=0.0
uattacked1_0=0.0
attackOnY1_0=0.0
y1_0=0.0
r1_0=0.0
r_0=0.0
x1_1=0.0489039423
x2_1=0.5293447169
z1_1=0.0
z2_1=0.0
xabs1_1=0.0489039423
xabs2_1=0.5293447169
attackOnU1_1=0.0
u1_1=0.0
uattacked1_1=0.0
attackOnY1_1=-0.0645500025
y1_1=0.0489039423
r1_1=0.0489039423
r_1=0.0489039423
x1_2=0.1547728857
x2_2=0.5293447169
z1_2=0.0413189408
z2_2=0.0627682099
xabs1_2=0.1547728857
xabs2_2=0.5293447169
attackOnU1_2=-2.8914007775
u1_2=0.0
uattacked1_2=0.0
attackOnY1_2=-0.2143542477
y1_2=0.0902228831
r1_2=0.0489039423
r_2=0.0489039423
x1_3=0.2606418291
x2_3=0.5293447169
z1_3=0.0951915237
z2_3=0.1255364199
xabs1_3=0.2606418291
xabs2_3=0.5293447169
attackOnU1_3=0.0
u1_3=-3.0270463923
uattacked1_3=-5.9184471699
attackOnY1_3=-0.2786068324
y1_3=0.0462875814
r1_3=-0.0489039423
r_3=0.0489039423
x1_4=0.2481418291
x2_4=-0.6543447169
z1_4=0.018438939
z2_4=-0.5426410684
xabs1_4=0.2481418291
xabs2_4=0.6543447169
attackOnU1_4=1.125942288
u1_4=-3.0270463923
uattacked1_4=-5.9184471699
attackOnY1_4=-0.161746016
y1_4=-0.0304650033
r1_4=-0.0489039423
r_4=0.0489039423
x1_5=-0.0010960576
x2_5=-1.8380341509
z1_5=-0.1919491434
z2_5=-1.2108185569
xabs1_5=0.0010960576
xabs2_5=1.8380341509
attackOnU1_5=0.0
u1_5=12.5820271087
uattacked1_5=13.7079693968
attackOnY1_5=-0.0644323071
y1_5=-0.1628420737
r1_5=0.0291070696
r_5=0.0291070696
x1_6=-0.0945434999
x2_6=0.9035597283
z1_6=-0.1578797494
z2_6=1.3429457887
xabs1_6=0.0945434999
xabs2_6=0.9035597283
attackOnU1_6=0.0
u1_6=12.5820271087
uattacked1_6=13.7079693968
attackOnY1_6=0.0
y1_6=-0.1589758071
r1_6=-0.0010960576
r_6=0.0010960576
x1_7=0.3603278336
x2_7=3.6451536077
z1_7=0.3614238913
z2_7=3.8579444204
xabs1_7=0.3603278336
xabs2_7=3.6451536077
attackOnU1_7=0.0
u1_7=-34.3656241636
uattacked1_7=-34.3656241636
attackOnY1_7=0.0
y1_7=0.3603278336
r1_7=-0.0010960576
r_7=0.0010960576
x1_8=0.4020460719
x2_8=-3.2279712249
z1_8=0.444774233
z2_8=-3.0165872022
xabs1_8=0.4020460719
xabs2_8=3.2279712249
attackOnU1_8=0.0
u1_8=-34.3656241636
uattacked1_8=-34.3656241636
attackOnY1_8=0.0
y1_8=0.4020460719
r1_8=-0.042728161
r_8=0.042728161
x1_9=-0.9308606562
x2_9=-10.1010960576
z1_9=-0.8819567139
z2_9=-9.9445536297
xabs1_9=0.9308606562
xabs2_9=10.1010960576
attackOnU1_9=0.0
u1_9=87.4470498406
uattacked1_9=87.4470498406
attackOnY1_9=0.0
y1_9=-0.9308606562
r1_9=-0.0489039423
r_9=0.0489039423
attack on control signal component 1
[ 0.          0.         -2.89140078  0.          1.12594229  0.
  0.          0.          0.          0.          0.        ]
attack on sensor 1
[ 0.         -0.06455    -0.21435425 -0.27860683 -0.16174602 -0.06443231
  0.          0.          0.          0.          0.        ]
