sat
x1_0=0.0
x2_0=0.0180416073
z1_0=0.0
z2_0=0.0
xabs1_0=0.0
xabs2_0=0.0180416073
attackOnU1_0=-275.811872332
u1_0=0.0
uattacked1_0=0.0
attackOnY1_0=-0.011537733
y1_0=0.0
r1_0=0.0
r_0=0.0
x1_1=0.0018041607
x2_1=0.0180416073
z1_1=0.0
z2_1=0.0
xabs1_1=0.0018041607
xabs2_1=0.0180416073
attackOnU1_1=0.0
u1_1=0.0
uattacked1_1=-275.811872332
attackOnY1_1=1.353620498
y1_1=-0.0097335722
r1_1=-0.0097335722
r_1=0.0097335722
x1_2=-1.3754510401
x2_2=-27.5631456258
z1_2=-0.0182222206
z2_2=-0.0939601198
xabs1_2=1.3754510401
xabs2_2=27.5631456258
attackOnU1_2=550.126987473
u1_2=0.0
uattacked1_2=-275.811872332
attackOnY1_2=5.4728432716
y1_2=-0.0218305421
r1_2=-0.0036083214
r_2=0.0036083214
x1_3=-5.5108249644
x2_3=-55.1443328589
z1_3=-0.0343733712
z2_3=-0.1287919687
xabs1_3=5.5108249644
xabs2_3=55.1443328589
attackOnU1_3=0.0
u1_3=1.2802579016
uattacked1_3=551.407245375
attackOnY1_3=8.2206156061
y1_3=-0.0379816927
r1_3=-0.0036083214
r_3=0.0036083214
x1_4=-8.2682220234
x2_4=-0.0036083214
z1_4=-0.0476064172
z2_4=-0.0355980274
xabs1_4=8.2682220234
xabs2_4=0.0036083214
attackOnU1_4=-276.168493109
u1_4=1.2802579016
uattacked1_4=551.407245375
attackOnY1_4=5.4667816982
y1_4=-0.0476064172
r1_4=0.0
r_4=0.0
x1_5=-5.5115466287
x2_5=55.137116216
z1_5=-0.0447649305
z2_5=0.0924277627
xabs1_5=5.5115466287
xabs2_5=55.137116216
attackOnU1_5=0.0
u1_5=0.1942463109
uattacked1_5=-275.974246798
attackOnY1_5=1.3286010866
y1_5=-0.0447649305
r1_5=0.0
r_5=0.0
x1_6=-1.3777062411
x2_6=27.5396915362
z1_6=-0.0345509226
z2_6=0.1118523938
xabs1_6=1.3777062411
xabs2_6=27.5396915362
attackOnU1_6=0.0
u1_6=0.1942463109
uattacked1_6=-275.974246798
attackOnY1_6=0.0
y1_6=-0.0491051544
r1_6=-0.0145542317
r_6=0.0145542317
x1_7=-0.0036083214
x2_7=-0.0577331435
z1_7=-0.049641429
z2_7=-0.0092178853
xabs1_7=0.0036083214
xabs2_7=0.0577331435
attackOnU1_7=0.0
u1_7=0.8479555465
uattacked1_7=0.8479555465
attackOnY1_7=0.0
y1_7=-0.0036083214
r1_7=0.0460331075
r_7=0.0460331075
x1_8=-0.0051418581
x2_8=0.027062411
z1_8=0.0398551408
z2_8=0.5199444635
xabs1_8=0.0051418581
xabs2_8=0.027062411
attackOnU1_8=0.0
u1_8=0.8479555465
uattacked1_8=0.8479555465
attackOnY1_8=0.0
y1_8=-0.0051418581
r1_8=-0.0449969989
r_8=0.0449969989
x1_9=0.0018041607
x2_9=0.1118579657
z1_9=0.0118504831
z2_9=0.1703749878
xabs1_9=0.0018041607
xabs2_9=0.1118579657
attackOnU1_9=0.0
u1_9=-1.1546628719
uattacked1_9=-1.1546628719
attackOnY1_9=0.0
y1_9=0.0018041607
r1_9=-0.0100463224
r_9=0.0100463224
attack on control signal component 1
[-275.81187233    0.          550.12698747    0.         -276.16849311
    0.            0.            0.            0.            0.
    0.        ]
attack on sensor 1
[-0.01153773  1.3536205   5.47284327  8.22061561  5.4667817   1.32860109
  0.          0.          0.          0.          0.        ]
