sat
x1_0=-0.020401039
x2_0=-0.0868544914
z1_0=0.0
z2_0=0.0
xabs1_0=0.020401039
xabs2_0=0.0868544914
attackOnU1_0=0.0
u1_0=0.0
uattacked1_0=0.0
attackOnY1_0=0.0
y1_0=0.0
r1_0=0.0
r_0=0.0
x1_1=-0.0377719372
x2_1=-0.0868544914
z1_1=0.0
z2_1=0.0
xabs1_1=0.0377719372
xabs2_1=0.0868544914
attackOnU1_1=0.0
u1_1=0.0
uattacked1_1=0.0
attackOnY1_1=0.0
y1_1=-0.0377719372
r1_1=-0.0377719372
r_1=0.0377719372
x1_2=-0.0551428355
x2_2=-0.0868544914
z1_2=-0.0319135098
z2_2=-0.0484802815
xabs1_2=0.0551428355
xabs2_2=0.0868544914
attackOnU1_2=0.0
u1_2=0.0
uattacked1_2=0.0
attackOnY1_2=0.0
y1_2=-0.0551428355
r1_2=-0.0232293257
r_2=0.0232293257
x1_3=-0.0725137338
x2_3=-0.0868544914
z1_3=-0.0612360234
z2_3=-0.0782951211
xabs1_3=0.0725137338
xabs2_3=0.0868544914
attackOnU1_3=0.0
u1_3=0.0
uattacked1_3=0.0
attackOnY1_3=0.0
y1_3=-0.0725137338
r1_3=-0.0112777104
r_3=0.0112777104
x1_4=-0.0898846321
x2_4=-0.0868544914
z1_4=-0.0864235852
z2_4=-0.0927700624
xabs1_4=0.0898846321
xabs2_4=0.0868544914
attackOnU1_4=0.0
u1_4=0.0
uattacked1_4=0.0
attackOnY1_4=0.0
y1_4=-0.0898846321
r1_4=-0.0034610469
r_4=0.0034610469
x1_5=-0.1072555304
x2_5=-0.0868544914
z1_5=-0.1079018362
z2_5=-0.0972123162
xabs1_5=0.1072555304
xabs2_5=0.0868544914
attackOnU1_5=0.0
u1_5=3.1262475236
uattacked1_5=3.1262475236
attackOnY1_5=0.0
y1_5=-0.1072555304
r1_5=0.0006463058
r_5=0.0006463058
x1_6=-0.0621014782
x2_6=0.5383950132
z1_6=-0.0642732852
z2_6=0.528866722
xabs1_6=0.0621014782
xabs2_6=0.5383950132
attackOnU1_6=-0.3499679192
u1_6=3.1262475236
uattacked1_6=3.1262475236
attackOnY1_6=-0.0509498938
y1_6=-0.0621014782
r1_6=0.0021718069
r_6=0.0021718069
x1_7=0.1081024748
x2_7=1.163644518
z1_7=0.1058599693
z2_7=1.156903741
xabs1_7=0.1081024748
xabs2_7=1.163644518
attackOnU1_7=0.0
u1_7=-10.2477087323
uattacked1_7=-10.5976766515
attackOnY1_7=0.0
y1_7=0.0571525809
r1_7=-0.0487073883
r_7=0.0487073883
x1_8=0.1288778454
x2_8=-0.9558908123
z1_8=0.0911336704
z2_8=-0.9551539383
xabs1_8=0.1288778454
xabs2_8=0.9558908123
attackOnU1_8=0.0
u1_8=-10.2477087323
uattacked1_8=-10.5976766515
attackOnY1_8=0.0
y1_8=0.1288778454
r1_8=0.0377441749
r_8=0.0377441749
x1_9=-0.27425385
x2_9=-3.0754261426
z1_9=-0.2729612384
z2_9=-2.9562510363
xabs1_9=0.27425385
xabs2_9=3.0754261426
attackOnU1_9=0.0
u1_9=-10.2477087323
uattacked1_9=-10.5976766515
attackOnY1_9=0.0
y1_9=-0.27425385
r1_9=-0.0012926116
r_9=0.0012926116
x1_10=-1.1012926116
x2_10=-5.1949614729
z1_10=-1.0702577479
z2_10=-5.0074518498
xabs1_10=1.1012926116
xabs2_10=5.1949614729
attackOnU1_10=0.0
u1_10=58.3586202558
uattacked1_10=58.3586202558
attackOnY1_10=0.0
y1_10=-1.1012926116
r1_10=-0.0310348637
r_10=0.0310348637
attack on control signal component 1
[ 0.          0.          0.          0.          0.          0.
 -0.34996792  0.          0.          0.          0.          0.        ]
attack on sensor 1
[ 0.          0.          0.          0.          0.          0.
 -0.05094989  0.          0.          0.          0.          0.        ]
