sat
x1_0=-0.004758925
x2_0=-0.004758925
z1_0=0.0
z2_0=0.0
xabs1_0=0.004758925
xabs2_0=0.004758925
attackOnU1_0=-219.809642997
u1_0=0.0
uattacked1_0=0.0
attackOnY1_0=0.0004758925
y1_0=0.0
r1_0=0.0
r_0=0.0
x1_1=-0.0052348175
x2_1=-0.004758925
z1_1=0.0
z2_1=0.0
xabs1_1=0.0052348175
xabs2_1=0.004758925
attackOnU1_1=219.169020711
u1_1=0.0
uattacked1_1=-219.809642997
attackOnY1_1=1.0910908163
y1_1=-0.004758925
r1_1=-0.004758925
r_1=0.004758925
x1_2=-1.104758925
x2_2=-21.9857232247
z1_2=-0.0089091836
z2_2=-0.0459388554
xabs1_2=1.104758925
xabs2_2=21.9857232247
attackOnU1_2=0.0
u1_2=0.4029309827
uattacked1_2=219.571951694
attackOnY1_2=2.1803149661
y1_2=-0.0136681086
r1_2=-0.004758925
r_2=0.004758925
x1_3=-2.205471489
x2_3=-0.0285280554
z1_3=-0.0203975978
z2_3=-0.0515846126
xabs1_3=2.205471489
xabs2_3=0.0285280554
attackOnU1_3=-216.848781755
u1_3=0.4029309827
uattacked1_3=219.571951694
attackOnY1_3=1.0732550232
y1_3=-0.0251565229
r1_3=-0.004758925
r_3=0.004758925
x1_4=-1.1104645361
x2_4=21.9286671139
z1_4=-0.0324505878
z2_4=-0.0572303698
xabs1_4=1.1104645361
xabs2_4=21.9286671139
attackOnU1_4=0.0
u1_4=0.8442392137
uattacked1_4=-216.004542542
attackOnY1_4=0.0
y1_4=-0.0372095129
r1_4=-0.004758925
r_4=0.004758925
x1_5=0.0023794625
x2_5=0.3282128597
z1_5=-0.0428616123
z2_5=-0.0187453039
xabs1_5=0.0023794625
xabs2_5=0.3282128597
attackOnU1_5=0.0
u1_5=0.7932198792
uattacked1_5=0.7932198792
attackOnY1_5=0.0
y1_5=0.0023794625
r1_5=0.0452410749
r_5=0.0452410749
x1_6=0.0391668479
x2_6=0.4075348477
z1_6=0.0439257729
z2_6=0.4972978284
xabs1_6=0.0391668479
xabs2_6=0.4075348477
attackOnU1_6=0.0
u1_6=0.7932198792
uattacked1_6=0.7932198792
attackOnY1_6=0.0
y1_6=0.0391668479
r1_6=-0.004758925
r_6=0.004758925
x1_7=0.083886432
x2_7=0.4868568356
z1_7=0.0887124715
z2_7=0.5306809609
xabs1_7=0.083886432
xabs2_7=0.4868568356
attackOnU1_7=0.0
u1_7=-4.426900399
uattacked1_7=-4.426900399
attackOnY1_7=0.0
y1_7=0.083886432
r1_7=-0.0048260395
r_7=0.0048260395
attack on control signal component 1
[-219.809643    219.16902071    0.         -216.84878176    0.
    0.            0.            0.            0.        ]
attack on sensor 1
[4.75892500e-04 1.09109082e+00 2.18031497e+00 1.07325502e+00
 0.00000000e+00 0.00000000e+00 0.00000000e+00 0.00000000e+00
 0.00000000e+00]
