sat
x1_0=-0.0005684604
x2_0=-0.0121466929
z1_0=0.0
z2_0=0.0
xabs1_0=0.0005684604
xabs2_0=0.0121466929
attackOnU1_0=0.0
u1_0=0.0
uattacked1_0=0.0
attackOnY1_0=0.0
y1_0=0.0
r1_0=0.0
r_0=0.0
x1_1=-0.002997799
x2_1=-0.0121466929
z1_1=0.0
z2_1=0.0
xabs1_1=0.002997799
xabs2_1=0.0121466929
attackOnU1_1=0.0
u1_1=0.0
uattacked1_1=0.0
attackOnY1_1=0.0
y1_1=-0.002997799
r1_1=-0.002997799
r_1=0.002997799
x1_2=-0.0054271376
x2_2=-0.0121466929
z1_2=-0.0025328404
z2_2=-0.0038476751
xabs1_2=0.0054271376
xabs2_2=0.0121466929
attackOnU1_2=0.0
u1_2=0.0
uattacked1_2=0.0
attackOnY1_2=0.0
y1_2=-0.0054271376
r1_2=-0.0028942972
r_2=0.0028942972
x1_3=-0.0078564762
x2_3=-0.0121466929
z1_3=-0.0057477671
z2_3=-0.0075625056
xabs1_3=0.0078564762
xabs2_3=0.0121466929
attackOnU1_3=0.0
u1_3=0.1826578288
uattacked1_3=0.1826578288
attackOnY1_3=0.0
y1_3=-0.0078564762
r1_3=-0.002108709
r_3=0.002108709
x1_4=-0.0066326582
x2_4=0.0243848727
z1_4=-0.00538876
z2_4=0.026262532
xabs1_4=0.0066326582
xabs2_4=0.0243848727
attackOnU1_4=0.0
u1_4=0.1826578288
uattacked1_4=0.1826578288
attackOnY1_4=0.0
y1_4=-0.0066326582
r1_4=-0.0012438982
r_4=0.0012438982
x1_5=0.0018974728
x2_5=0.0609164385
z1_5=0.0024659333
z2_5=0.0611975544
xabs1_5=0.0018974728
xabs2_5=0.0609164385
attackOnU1_5=-166.8904331557
u1_5=0.1826578288
uattacked1_5=0.1826578288
attackOnY1_5=-0.0492871481
y1_5=0.0018974728
r1_5=-0.0005684604
r_5=0.0005684604
x1_6=0.0177339171
x2_6=0.0974480043
z1_6=0.0178783085
z2_6=0.0969995011
xabs1_6=0.0177339171
xabs2_6=0.0974480043
attackOnU1_6=277.1789767236
u1_6=-1.065177671
uattacked1_6=-167.9556108268
attackOnY1_6=3.2909944557
y1_6=-0.0315532309
r1_6=-0.0494315395
r_6=0.0494315395
x1_7=-3.3218886985
x2_7=-33.493674161
z1_7=-0.0257900523
z2_7=-0.179481414
xabs1_7=3.3218886985
xabs2_7=33.493674161
attackOnU1_7=-55.511900557
u1_7=1.8041295277
uattacked1_7=278.9831062514
attackOnY1_7=4.4113293608
y1_7=-0.0308942428
r1_7=-0.0051041904
r_7=0.0051041904
x1_8=-4.4409614057
x2_8=22.3029470892
z1_8=-0.0299162751
z2_8=0.1747932631
xabs1_8=4.4409614057
xabs2_8=22.3029470892
attackOnU1_8=0.0
u1_8=-0.4979230737
uattacked1_8=-56.0098236308
attackOnY1_8=1.0953240621
y1_8=-0.0296320448
r1_8=0.0002842302
r_8=0.0002842302
x1_9=-1.1005684604
x2_9=11.100982363
z1_9=-0.0046759378
z2_9=0.0755734578
xabs1_9=1.1005684604
xabs2_9=11.100982363
attackOnU1_9=0.0
u1_9=-0.4979230737
uattacked1_9=-56.0098236308
attackOnY1_9=0.0
y1_9=-0.0052443983
r1_9=-0.0005684604
r_9=0.0005684604
x1_10=-0.0005684604
x2_10=-0.100982363
z1_10=0.0
z2_10=-0.0247407758
xabs1_10=0.0005684604
xabs2_10=0.100982363
attackOnU1_10=0.0
u1_10=0.1673565043
uattacked1_10=0.1673565043
attackOnY1_10=0.0
y1_10=-0.0005684604
r1_10=-0.0005684604
r_10=0.0005684604
x1_11=-0.017417803
x2_11=-0.0675110622
z1_11=-0.0020813173
z2_11=0.0080009059
xabs1_11=0.017417803
xabs2_11=0.0675110622
attackOnU1_11=0.0
u1_11=0.1673565043
uattacked1_11=0.1673565043
attackOnY1_11=0.0
y1_11=-0.017417803
r1_11=-0.0153364856
r_11=0.0153364856
x1_12=-0.0275728853
x2_12=-0.0340397613
z1_12=-0.0100918027
z2_12=0.0217878274
xabs1_12=0.0275728853
xabs2_12=0.0340397613
attackOnU1_12=0.0
u1_12=0.1673565043
uattacked1_12=0.1673565043
attackOnY1_12=0.0
y1_12=-0.0275728853
r1_12=-0.0174810825
r_12=0.0174810825
attack on control signal component 1
[   0.            0.            0.            0.            0.
 -166.89043316  277.17897672  -55.51190056    0.            0.
    0.            0.            0.            0.        ]
attack on sensor 1
[ 0.          0.          0.          0.          0.         -0.04928715
  3.29099446  4.41132936  1.09532406  0.          0.          0.
  0.          0.        ]
