sat
x1_0=-0.0022760587
x2_0=-0.0022760587
z1_0=0.0
z2_0=0.0
xabs1_0=0.0022760587
xabs2_0=0.0022760587
attackOnU1_0=55.3186482276
u1_0=0.0
uattacked1_0=0.0
attackOnY1_0=-0.0300588727
y1_0=0.0
r1_0=0.0
r_0=0.0
x1_1=-0.0027312705
x2_1=-0.0022760587
z1_1=0.0
z2_1=0.0
xabs1_1=0.0027312705
xabs2_1=0.0022760587
attackOnU1_1=-56.2371790187
u1_1=0.0
uattacked1_1=55.3186482276
attackOnY1_1=-1.1331669331
y1_1=-0.0327901432
r1_1=-0.0327901432
r_1=0.0327901432
x1_2=1.1031864822
x2_2=11.0614535867
z1_2=-0.027704392
z2_2=-0.0420861489
xabs1_2=1.1031864822
xabs2_2=11.0614535867
attackOnU1_2=0.0
u1_2=0.918530791
uattacked1_2=-55.3186482276
attackOnY1_2=-2.2310543419
y1_2=-0.0299804508
r1_2=-0.0022760587
r_2=0.0022760587
x1_3=2.209104235
x2_3=-0.0022760587
z1_3=-0.019674048
z2_3=0.1386986878
xabs1_3=2.209104235
xabs2_3=0.0022760587
attackOnU1_3=55.6218469035
u1_3=0.918530791
uattacked1_3=-55.3186482276
attackOnY1_3=-1.1241282482
y1_3=-0.0219501068
r1_3=-0.0022760587
r_3=0.0022760587
x1_4=1.1022760587
x2_4=-11.0660057043
z1_4=0.0245132632
z2_4=0.3194835246
xabs1_4=1.1022760587
xabs2_4=11.0660057043
attackOnU1_4=0.0
u1_4=-2.7219484014
uattacked1_4=52.899898502
attackOnY1_4=0.0
y1_4=-0.0218521894
r1_4=-0.0463654526
r_4=0.0463654526
x1_5=-0.052927112
x2_5=-0.4860260038
z1_5=-0.0052031708
z2_5=-0.2844162141
xabs1_5=0.052927112
xabs2_5=0.4860260038
attackOnU1_5=0.0
u1_5=2.0429473435
uattacked1_5=2.0429473435
attackOnY1_5=0.0
y1_5=-0.052927112
r1_5=-0.0477239412
r_5=0.0477239412
x1_6=-0.1092733659
x2_6=-0.0774365351
z1_6=-0.0615494247
z2_6=0.0629195759
xabs1_6=0.1092733659
xabs2_6=0.0774365351
attackOnU1_6=0.0
u1_6=2.0429473435
uattacked1_6=2.0429473435
attackOnY1_6=0.0
y1_6=-0.1092733659
r1_6=-0.0477239412
r_6=0.0477239412
x1_7=-0.0839017261
x2_7=0.3311529335
z1_7=-0.0484285206
z2_7=0.4102553661
xabs1_7=0.0839017261
xabs2_7=0.3311529335
attackOnU1_7=0.0
u1_7=-1.6671449615
uattacked1_7=-1.6671449615
attackOnY1_7=0.0
y1_7=-0.0839017261
r1_7=-0.0354732055
r_7=0.0354732055
attack on control signal component 1
[ 55.31864823 -56.23717902   0.          55.6218469    0.
   0.           0.           0.           0.        ]
attack on sensor 1
[-0.03005887 -1.13316693 -2.23105434 -1.12412825  0.          0.
  0.          0.          0.        ]
