sat
x1_0=-9.68263e-05
x2_0=-0.593773479
z1_0=0.0
z2_0=0.0
xabs1_0=9.68263e-05
xabs2_0=0.593773479
attackOnU1_0=-47.5316167364
u1_0=0.0
uattacked1_0=0.0
attackOnY1_0=0.1187546958
y1_0=0.0
r1_0=0.0
r_0=0.0
x1_1=-0.1188515221
x2_1=-0.593773479
z1_1=0.0
z2_1=0.0
xabs1_1=0.1188515221
xabs2_1=0.593773479
attackOnU1_1=105.4053422421
u1_1=0.0
uattacked1_1=-47.5316167364
attackOnY1_1=1.1880599177
y1_1=-9.68263e-05
r1_1=-9.68263e-05
r_1=9.68263e-05
x1_2=-1.1882385526
x2_2=-10.1000968263
z1_2=-8.18085e-05
z2_2=-0.0001242765
xabs1_2=1.1882385526
xabs2_2=10.1000968263
attackOnU1_2=-54.9415576074
u1_2=0.0027123375
uattacked1_2=105.4080545797
attackOnY1_2=1.0970594269
y1_2=-0.0001786348
r1_2=-9.68263e-05
r_2=9.68263e-05
x1_3=-1.1000968263
x2_3=10.9815140896
z1_3=-0.0001342256
z2_3=0.0002939144
xabs1_3=1.1000968263
xabs2_3=10.9815140896
attackOnU1_3=0.0
u1_3=0.001082767
uattacked1_3=-54.9404748404
attackOnY1_3=0.0
y1_3=-0.0030373993
r1_3=-0.0029031736
r_3=0.0029031736
x1_4=-0.0026035051
x2_4=-0.0065808784
z1_4=-0.0025066788
z2_4=-0.0032157556
xabs1_4=0.0026035051
xabs2_4=0.0065808784
attackOnU1_4=0.0
u1_4=0.0791024621
uattacked1_4=0.0791024621
attackOnY1_4=0.0
y1_4=-0.0026035051
r1_4=-9.68263e-05
r_4=9.68263e-05
x1_5=-0.0023376316
x2_5=0.0092396139
z1_5=-0.0016495893
z2_5=0.0124804602
xabs1_5=0.0023376316
xabs2_5=0.0092396139
attackOnU1_5=0.0
u1_5=-0.0466822014
uattacked1_5=-0.0466822014
attackOnY1_5=0.0
y1_5=-0.0023376316
r1_5=-0.0006880423
r_5=0.0006880423
x1_6=-0.0014233528
x2_6=-9.68263e-05
z1_6=-0.0006684682
z2_6=0.0022609176
xabs1_6=0.0014233528
xabs2_6=9.68263e-05
attackOnU1_6=0.0
u1_6=0.0
uattacked1_6=0.0
attackOnY1_6=0.0
y1_6=-0.0014233528
r1_6=-0.0007548846
r_6=0.0007548846
attack on control signal component 1
[-47.53161674 105.40534224 -54.94155761   0.           0.
   0.           0.           0.        ]
attack on sensor 1
[0.1187547  1.18805992 1.09705943 0.         0.         0.
 0.         0.        ]
