sat
x1_0=-0.0004862877
x2_0=-0.0054930579
z1_0=0.0
z2_0=0.0
xabs1_0=0.0004862877
xabs2_0=0.0054930579
attackOnU1_0=0.0
u1_0=0.0
uattacked1_0=0.0
attackOnY1_0=0.0
y1_0=0.0
r1_0=0.0
r_0=0.0
x1_1=-0.0015848993
x2_1=-0.0054930579
z1_1=0.0
z2_1=0.0
xabs1_1=0.0015848993
xabs2_1=0.0054930579
attackOnU1_1=0.0
u1_1=0.0
uattacked1_1=0.0
attackOnY1_1=0.0
y1_1=-0.0015848993
r1_1=-0.0015848993
r_1=0.0015848993
x1_2=-0.0026835109
x2_2=-0.0054930579
z1_2=-0.0013390814
z2_2=-0.0020342182
xabs1_2=0.0026835109
xabs2_2=0.0054930579
attackOnU1_2=0.0
u1_2=0.0
uattacked1_2=0.0
attackOnY1_2=0.0
y1_2=-0.0026835109
r1_2=-0.0013444294
r_2=0.0013444294
x1_3=-0.0037821225
x2_3=-0.0054930579
z1_3=-0.0028818335
z2_3=-0.0037597935
xabs1_3=0.0037821225
xabs2_3=0.0054930579
attackOnU1_3=0.0
u1_3=0.0
uattacked1_3=0.0
attackOnY1_3=0.0
y1_3=-0.0037821225
r1_3=-0.0009002889
r_3=0.0009002889
x1_4=-0.0048807341
x2_4=-0.0054930579
z1_4=-0.0043944463
z2_4=-0.0049153143
xabs1_4=0.0048807341
xabs2_4=0.0054930579
attackOnU1_4=35.5516607222
u1_4=0.0
uattacked1_4=0.0
attackOnY1_4=-0.0002953157
y1_4=-0.0048807341
r1_4=-0.0004862877
r_4=0.0004862877
x1_5=-0.0059793457
x2_5=-0.0054930579
z1_5=-0.0057883737
z2_5=-0.0055394646
xabs1_5=0.0059793457
xabs2_5=0.0054930579
attackOnU1_5=-51.6328170288
u1_5=0.1699022002
uattacked1_5=35.7215629225
attackOnY1_5=-0.7607761006
y1_5=-0.0062746614
r1_5=-0.0004862877
r_5=0.0004862877
x1_6=0.7073533011
x2_6=7.1388195265
z1_6=-0.0039090871
z2_6=0.0278168251
xabs1_6=0.7073533011
xabs2_6=7.1388195265
attackOnU1_6=4.1470656549
u1_6=-0.0987289081
uattacked1_6=-51.731545937
attackOnY1_6=-1.1431270112
y1_6=-0.0534227994
r1_6=-0.0495137122
r_6=0.0495137122
x1_7=1.1004862877
x2_7=-3.2074896608
z1_7=-0.0421544358
z2_7=-0.0554798062
xabs1_7=1.1004862877
xabs2_7=3.2074896608
attackOnU1_7=0.0
u1_7=1.3397305076
uattacked1_7=5.4867961626
attackOnY1_7=-0.5960772179
y1_7=-0.0426407235
r1_7=-0.0004862877
r_7=0.0004862877
x1_8=0.5687242787
x2_8=-2.1101304283
z1_8=-0.0268666514
z2_8=0.211842145
xabs1_8=0.5687242787
xabs2_8=2.1101304283
attackOnU1_8=0.0
u1_8=1.3397305076
uattacked1_8=5.4867961626
attackOnY1_8=-0.2150348808
y1_8=-0.0273529391
r1_8=-0.0004862877
r_8=0.0004862877
x1_9=0.2564341163
x2_9=-1.0127711958
z1_9=0.0418855232
z2_9=0.4791640962
xabs1_9=0.2564341163
xabs2_9=1.0127711958
attackOnU1_9=0.0
u1_9=1.3397305076
uattacked1_9=5.4867961626
attackOnY1_9=0.0
y1_9=0.0413992355
r1_9=-0.0004862877
r_9=0.0004862877
x1_10=0.1636158004
x2_10=0.0845880367
z1_10=0.1641020881
z2_10=0.7464860475
xabs1_10=0.1636158004
xabs2_10=0.0845880367
attackOnU1_10=0.0
u1_10=1.3397305076
uattacked1_10=5.4867961626
attackOnY1_10=0.0
y1_10=0.1636158004
r1_10=-0.0004862877
r_10=0.0004862877
x1_11=0.290269331
x2_11=1.1819472692
z1_11=0.3397830433
z2_11=1.0138079987
xabs1_11=0.290269331
xabs2_11=1.1819472692
attackOnU1_11=0.0
u1_11=-14.6316311191
uattacked1_11=-14.6316311191
attackOnY1_11=0.0
y1_11=0.290269331
r1_11=-0.0495137122
r_11=0.0495137122
x1_12=0.2340261625
x2_12=-1.7443789545
z1_12=0.2080778852
z2_12=-1.9760690747
xabs1_12=0.2340261625
xabs2_12=1.7443789545
attackOnU1_12=0.0
u1_12=8.6063493291
uattacked1_12=8.6063493291
attackOnY1_12=0.0
y1_12=0.2340261625
r1_12=0.0259482773
r_12=0.0259482773
attack on control signal component 1
[  0.           0.           0.           0.          35.55166072
 -51.63281703   4.14706565   0.           0.           0.
   0.           0.           0.           0.        ]
attack on sensor 1
[ 0.00000000e+00  0.00000000e+00  0.00000000e+00  0.00000000e+00
 -2.95315700e-04 -7.60776101e-01 -1.14312701e+00 -5.96077218e-01
 -2.15034881e-01  0.00000000e+00  0.00000000e+00  0.00000000e+00
  0.00000000e+00  0.00000000e+00]
