sat
x1_0=-0.1
x2_0=0.4934495826
z1_0=0.0
z2_0=0.0
xabs1_0=0.1
xabs2_0=0.4934495826
attackOnU1_0=-59.9344958266
u1_0=0.0
uattacked1_0=0.0
attackOnY1_0=0.05
y1_0=0.0
r1_0=0.0
r_0=0.0
x1_1=-0.0013100834
x2_1=0.4934495826
z1_1=0.0
z2_1=0.0
xabs1_1=0.0013100834
xabs2_1=0.4934495826
attackOnU1_1=115.8771470477
u1_1=0.0
uattacked1_1=-59.9344958266
attackOnY1_1=1.1219701605
y1_1=0.0486899165
r1_1=0.0486899165
r_1=0.0486899165
x1_2=-1.1013100834
x2_2=-11.4934495826
z1_2=0.0411381104
z2_2=0.0624935078
xabs1_2=1.1013100834
xabs2_2=11.4934495826
attackOnU1_2=-58.4357844356
u1_2=-1.3639216866
uattacked1_2=114.513225361
attackOnY1_2=1.1174818972
y1_2=0.020660077
r1_2=-0.0204780333
r_2=0.0204780333
x1_3=-1.1097354927
x2_3=11.4091954895
z1_3=0.0090564879
z2_3=-0.2365743853
xabs1_3=1.1097354927
xabs2_3=11.4091954895
attackOnU1_3=0.0
u1_3=1.3930821965
uattacked1_3=-57.042702239
attackOnY1_3=0.0
y1_3=0.0077464044
r1_3=-0.0013100834
r_3=0.0013100834
x1_4=0.0312495603
x2_4=0.0006550417
z1_4=-0.0115036347
z2_4=0.0403605618
xabs1_4=0.0312495603
xabs2_4=0.0006550417
attackOnU1_4=0.0
u1_4=-0.009825626
uattacked1_4=-0.009825626
attackOnY1_4=0.0
y1_4=0.0312495603
r1_4=0.042753195
r_4=0.042753195
x1_5=0.0311840561
x2_5=-0.0013100834
z1_5=0.0324941396
z2_5=0.0932691625
xabs1_5=0.0311840561
xabs2_5=0.0013100834
attackOnU1_5=0.0
u1_5=-1.3743368453
uattacked1_5=-1.3743368453
attackOnY1_5=0.0
y1_5=0.0311840561
r1_5=-0.0013100834
r_5=0.0013100834
x1_6=0.0034353025
x2_6=-0.2761774525
z1_6=0.0225543457
z2_6=-0.1832796986
xabs1_6=0.0034353025
xabs2_6=0.2761774525
attackOnU1_6=0.0
u1_6=0.7237608283
uattacked1_6=0.7237608283
attackOnY1_6=0.0
y1_6=0.0034353025
r1_6=-0.0191190431
r_6=0.0191190431
attack on control signal component 1
[-59.93449583 115.87714705 -58.43578444   0.           0.
   0.           0.           0.        ]
attack on sensor 1
[0.05       1.12197016 1.1174819  0.         0.         0.
 0.         0.        ]
