sat
x1_0=0.1
x2_0=-0.9990523774
z1_0=0.0
z2_0=0.0
xabs1_0=0.1
xabs2_0=0.9990523774
attackOnU1_0=240.0
u1_0=0.0
uattacked1_0=0.0
attackOnY1_0=-0.0002842867
y1_0=0.0
r1_0=0.0
r_0=0.0
x1_1=9.47622e-05
x2_1=-0.9990523774
z1_1=0.0
z2_1=0.0
xabs1_1=9.47622e-05
xabs2_1=0.9990523774
attackOnU1_1=-454.415025121
u1_1=0.0
uattacked1_1=240.0
attackOnY1_1=-1.0837672916
y1_1=-0.0001895245
r1_1=-0.0001895245
r_1=0.0001895245
x1_2=1.1001895245
x2_2=23.0009476225
z1_2=-0.0003548088
z2_2=-0.001829518
xabs1_2=1.1001895245
xabs2_2=23.0009476225
attackOnU1_2=224.495099774
u1_2=0.0160467534
uattacked1_2=-454.398978367
attackOnY1_2=-1.1271490974
y1_2=0.0164222328
r1_2=0.0167770417
r_2=0.0167770417
x1_3=1.1282893949
x2_3=-22.4389502141
z1_3=0.0309507729
z2_3=0.1617272964
xabs1_3=1.1282893949
xabs2_3=22.4389502141
attackOnU1_3=0.0
u1_3=-1.4118793783
uattacked1_3=223.083220395
attackOnY1_3=0.0
y1_3=0.0011402974
r1_3=-0.0298104754
r_3=0.0298104754
x1_4=-0.0001895245
x2_4=-0.1306281746
z1_4=-0.0157440854
z2_4=-0.2672271233
xabs1_4=0.0001895245
xabs2_4=0.1306281746
attackOnU1_4=0.0
u1_4=1.7654742568
uattacked1_4=1.7654742568
attackOnY1_4=0.0
y1_4=-0.0001895245
r1_4=0.0155545609
r_4=0.0155545609
x1_5=-0.0044249706
x2_5=0.045919251
z1_5=-0.0045197329
z2_5=0.0594715902
xabs1_5=0.0044249706
xabs2_5=0.045919251
attackOnU1_5=0.0
u1_5=-0.2642878151
uattacked1_5=-0.2642878151
attackOnY1_5=0.0
y1_5=-0.0044249706
r1_5=9.47622e-05
r_5=9.47622e-05
x1_6=-0.0011544846
x2_6=0.0194904695
z1_6=0.0002833914
z2_6=0.0339575677
xabs1_6=0.0011544846
xabs2_6=0.0194904695
attackOnU1_6=0.0
u1_6=-0.1968173611
uattacked1_6=-0.1968173611
attackOnY1_6=0.0
y1_6=-0.0011544846
r1_6=-0.001437876
r_6=0.001437876
attack on control signal component 1
[ 240.         -454.41502512  224.49509977    0.            0.
    0.            0.            0.        ]
attack on sensor 1
[-2.84286700e-04 -1.08376729e+00 -1.12714910e+00  0.00000000e+00
  0.00000000e+00  0.00000000e+00  0.00000000e+00  0.00000000e+00]
