sat
x1_0=-0.0084162517
x2_0=-0.0016975222
z1_0=0.0
z2_0=0.0
xabs1_0=0.0084162517
xabs2_0=0.0016975222
attackOnU1_0=0.0
u1_0=0.0
uattacked1_0=0.0
attackOnY1_0=0.0
y1_0=0.0
r1_0=0.0
r_0=0.0
x1_1=-0.0087557561
x2_1=-0.0016975222
z1_1=0.0
z2_1=0.0
xabs1_1=0.0087557561
xabs2_1=0.0016975222
attackOnU1_1=0.0
u1_1=0.0
uattacked1_1=0.0
attackOnY1_1=0.0
y1_1=-0.0087557561
r1_1=-0.0087557561
r_1=0.0087557561
x1_2=-0.0090952606
x2_2=-0.0016975222
z1_2=-0.0073977384
z2_2=-0.011238013
xabs1_2=0.0090952606
xabs2_2=0.0016975222
attackOnU1_2=-54.9830269413
u1_2=0.0
uattacked1_2=0.0
attackOnY1_2=-0.0499472902
y1_2=-0.0090952606
r1_2=-0.0016975222
r_2=0.0016975222
x1_3=-0.009434765
x2_3=-0.0016975222
z1_3=-0.0110795775
z2_3=-0.0134167828
xabs1_3=0.009434765
xabs2_3=0.0016975222
attackOnU1_3=108.2016956174
u1_3=0.3442439251
uattacked1_3=-54.6387830161
attackOnY1_3=1.0531635885
y1_3=-0.0593820553
r1_3=-0.0483024777
r_3=0.0483024777
x1_4=-1.1025499298
x2_4=-10.9294541254
z1_4=-0.047688819
z2_4=-0.006564228
xabs1_4=1.1025499298
xabs2_4=10.9294541254
attackOnU1_4=-53.6543208289
u1_4=1.1354660185
uattacked1_4=109.337161636
attackOnY1_4=1.0722734191
y1_4=-0.0493863413
r1_4=-0.0016975222
r_4=0.0016975222
x1_5=-1.1016975222
x2_5=10.9379782017
z1_5=-0.0277265808
z2_5=0.2183502058
xabs1_5=1.1016975222
xabs2_5=10.9379782017
attackOnU1_5=0.0
u1_5=-0.8426572342
uattacked1_5=-54.4969780631
attackOnY1_5=0.0
y1_5=-0.0294241031
r1_5=-0.0016975222
r_5=0.0016975222
x1_6=-0.0040414431
x2_6=0.0385825891
z1_6=-0.0023439209
z2_6=0.0476399892
xabs1_6=0.0040414431
xabs2_6=0.0385825891
attackOnU1_6=0.0
u1_6=-0.2686298454
uattacked1_6=-0.2686298454
attackOnY1_6=0.0
y1_6=-0.0040414431
r1_6=-0.0016975222
r_6=0.0016975222
x1_7=-0.0016975222
x2_7=-0.0151433799
z1_7=0.0003772434
z2_7=-0.0082647496
xabs1_7=0.0016975222
xabs2_7=0.0151433799
attackOnU1_7=0.0
u1_7=-0.2686298454
uattacked1_7=-0.2686298454
attackOnY1_7=0.0
y1_7=-0.0016975222
r1_7=-0.0020747657
r_7=0.0020747657
x1_8=-0.0100987951
x2_8=-0.068869349
z1_8=-0.0084012729
z2_8=-0.0646536805
xabs1_8=0.0100987951
xabs2_8=0.068869349
attackOnU1_8=0.0
u1_8=-0.2686298454
uattacked1_8=-0.2686298454
attackOnY1_8=0.0
y1_8=-0.0100987951
r1_8=-0.0016975222
r_8=0.0016975222
attack on control signal component 1
[  0.           0.         -54.98302694 108.20169562 -53.65432083
   0.           0.           0.           0.           0.        ]
attack on sensor 1
[ 0.          0.         -0.04994729  1.05316359  1.07227342  0.
  0.          0.          0.          0.        ]
