sat
x1_0=-0.1
x2_0=-1.0
z1_0=0.0
z2_0=0.0
xabs1_0=0.1
xabs2_0=1.0
attackOnU1_0=39.3632686838
u1_0=0.0
uattacked1_0=0.0
attackOnY1_0=0.250137457
y1_0=0.0
r1_0=0.0
r_0=0.0
x1_1=-0.3
x2_1=-1.0
z1_1=0.0
z2_1=0.0
xabs1_1=0.3
xabs2_1=1.0
attackOnU1_1=-25.5991374134
u1_1=0.0
uattacked1_1=39.3632686838
attackOnY1_1=-0.2795316932
y1_1=-0.0498625429
r1_1=-0.0498625429
r_1=0.0498625429
x1_2=0.2872653736
x2_2=6.8726537367
z1_2=-0.0421288625
z2_2=-0.0639985738
xabs1_2=0.2872653736
xabs2_2=6.8726537367
attackOnU1_2=0.0
u1_2=1.3967697722
uattacked1_2=-24.2023676411
attackOnY1_2=-1.1127505446
y1_2=0.0077336804
r1_2=0.0498625429
r_2=0.0498625429
x1_3=1.1777487682
x2_3=2.0321802085
z1_3=0.0151356806
z2_3=0.2793539544
xabs1_3=1.1777487682
xabs2_3=2.0321802085
attackOnU1_3=6.3996080696
u1_3=1.3967697722
uattacked1_3=-24.2023676411
attackOnY1_3=-0.9146866923
y1_3=0.0649982235
r1_3=0.0498625429
r_3=0.0498625429
x1_4=1.100137457
x2_4=-2.8082933197
z1_4=0.1410707295
z2_4=0.6227064827
xabs1_4=1.100137457
xabs2_4=2.8082933197
attackOnU1_4=0.0
u1_4=-7.4397647381
uattacked1_4=-1.0401566684
attackOnY1_4=-0.3634996938
y1_4=0.1854507647
r1_4=0.0443800351
r_4=0.0443800351
x1_5=0.5176756597
x2_5=-3.0163246534
z1_5=0.154313423
z2_5=-0.8082846897
xabs1_5=0.5176756597
xabs2_5=3.0163246534
attackOnU1_5=0.0
u1_5=-7.4397647381
uattacked1_5=-1.0401566684
attackOnY1_5=0.0
y1_5=0.1541759659
r1_5=-0.000137457
r_5=0.000137457
x1_6=-0.1063924042
x2_6=-3.2243559871
z1_6=-0.1562549471
z2_6=-2.2964140635
xabs1_6=0.1063924042
xabs2_6=3.2243559871
attackOnU1_6=0.0
u1_6=-7.4397647381
uattacked1_6=-1.0401566684
attackOnY1_6=0.0
y1_6=-0.1063924042
r1_6=0.0498625429
r_6=0.0498625429
x1_7=-0.772066735
x2_7=-3.4323873208
z1_7=-0.7222041921
z2_7=-3.7203684373
xabs1_7=0.772066735
xabs2_7=3.4323873208
attackOnU1_7=0.0
u1_7=41.6892255291
uattacked1_7=41.6892255291
attackOnY1_7=0.0
y1_7=-0.772066735
r1_7=-0.0498625429
r_7=0.0498625429
x1_8=-0.6247596886
x2_8=4.905457785
z1_8=-0.6746222315
z2_8=4.5534780946
xabs1_8=0.6247596886
xabs2_8=4.905457785
attackOnU1_8=0.0
u1_8=-15.3670001122
uattacked1_8=-15.3670001122
attackOnY1_8=0.0
y1_8=-0.6247596886
r1_8=0.0498625429
r_8=0.0498625429
attack on control signal component 1
[ 39.36326868 -25.59913741   0.           6.39960807   0.
   0.           0.           0.           0.           0.        ]
attack on sensor 1
[ 0.25013746 -0.27953169 -1.11275054 -0.91468669 -0.36349969  0.
  0.          0.          0.          0.        ]
