sat
x1_0=0.1
x2_0=1.0
z1_0=0.0
z2_0=0.0
xabs1_0=0.1
xabs2_0=1.0
attackOnU1_0=-111.004096551
u1_0=0.0
uattacked1_0=0.0
attackOnY1_0=-0.2495903448
y1_0=0.0
r1_0=0.0
r_0=0.0
x1_1=0.2
x2_1=1.0
z1_1=0.0
z2_1=0.0
xabs1_1=0.2
xabs2_1=1.0
attackOnU1_1=112.768017339
u1_1=0.0
uattacked1_1=-111.004096551
attackOnY1_1=0.1125920532
y1_1=-0.0495903448
r1_1=-0.0495903448
r_1=0.0495903448
x1_2=-0.2550204827
x2_2=-10.1004096551
z1_2=-0.0928380846
z2_2=-0.4787055169
xabs1_2=0.2550204827
xabs2_2=10.1004096551
attackOnU1_2=-12.1111523823
u1_2=4.198739442
uattacked1_2=116.966756781
attackOnY1_2=0.4180842958
y1_2=-0.1424284294
r1_2=-0.0495903448
r_2=0.0495903448
x1_3=-0.6802276643
x2_3=1.5962660229
z1_3=-0.2125530237
z2_3=-0.5375370897
xabs1_3=0.6802276643
xabs2_3=1.5962660229
attackOnU1_3=0.0
u1_3=6.45090999
uattacked1_3=-5.6602423923
attackOnY1_3=0.1724216618
y1_3=-0.2621433685
r1_3=-0.0495903448
r_3=0.0495903448
x1_4=-0.548902274
x2_4=1.0302417837
z1_4=-0.3268902673
z2_4=-0.3711516077
xabs1_4=0.548902274
xabs2_4=1.0302417837
attackOnU1_4=0.0
u1_4=6.45090999
uattacked1_4=-5.6602423923
attackOnY1_4=0.0
y1_4=-0.3764806121
r1_4=-0.0495903448
r_4=0.0495903448
x1_5=-0.4741793076
x2_5=0.4642175445
z1_5=-0.4245889627
z2_5=-0.2047661256
xabs1_5=0.4741793076
xabs2_5=0.4642175445
attackOnU1_5=0.0
u1_5=6.45090999
uattacked1_5=-5.6602423923
attackOnY1_5=0.0
y1_5=-0.4741793076
r1_5=-0.0495903448
r_5=0.0495903448
x1_6=-0.4560587651
x2_6=-0.1018066947
z1_6=-0.5056491099
z2_6=-0.0383806436
xabs1_6=0.4560587651
xabs2_6=0.1018066947
attackOnU1_6=0.0
u1_6=8.3229752433
uattacked1_6=8.3229752433
attackOnY1_6=0.0
y1_6=-0.4560587651
r1_6=0.0495903448
r_6=0.0495903448
x1_7=-0.4246245583
x2_7=0.7304908296
z1_7=-0.3750342135
z2_7=1.2726223976
xabs1_7=0.4246245583
xabs2_7=0.7304908296
attackOnU1_7=0.0
u1_7=-1.1939690903
uattacked1_7=-1.1939690903
attackOnY1_7=0.0
y1_7=-0.4246245583
r1_7=-0.0495903448
r_7=0.0495903448
attack on control signal component 1
[-111.00409655  112.76801734  -12.11115238    0.            0.
    0.            0.            0.            0.        ]
attack on sensor 1
[-0.24959034  0.11259205  0.4180843   0.17242166  0.          0.
  0.          0.          0.        ]
