sat
x1_0=-0.1
x2_0=-1.0
z1_0=0.0
z2_0=0.0
xabs1_0=0.1
xabs2_0=1.0
attackOnU1_0=-311.8145562332
u1_0=0.0
uattacked1_0=0.0
attackOnY1_0=0.2998992252
y1_0=0.0
r1_0=0.0
r_0=0.0
x1_1=-0.3
x2_1=-1.0
z1_1=0.0
z2_1=0.0
xabs1_1=0.3
xabs2_1=1.0
attackOnU1_1=480.0154549284
u1_1=0.0
uattacked1_1=-311.8145562332
attackOnY1_1=6.731047017
y1_1=-0.0001007747
r1_1=-0.0001007747
r_1=0.0001007747
x1_2=-6.7362911246
x2_2=-63.3629112466
z1_2=-8.51445e-05
z2_2=-0.0001293443
xabs1_2=6.7362911246
xabs2_2=63.3629112466
attackOnU1_2=-54.4914525575
u1_2=0.0028229432
uattacked1_2=480.0182778717
attackOnY1_2=9.817204648
y1_2=-0.0052441076
r1_2=-0.005158963
r_2=0.005158963
x1_3=-9.8085078165
x2_3=32.6407443276
z1_3=-0.0044133624
z2_3=-0.0061862847
xabs1_3=9.8085078165
xabs2_3=32.6407443276
attackOnU1_3=0.0
u1_3=0.1428189416
uattacked1_3=-54.3486336158
attackOnY1_3=4.375664573
y1_3=0.0086968315
r1_3=0.0131101939
r_3=0.0131101939
x1_4=-4.3673316233
x2_4=21.7710176045
z1_4=0.0082825622
z2_4=0.0392044374
xabs1_4=4.3673316233
xabs2_4=21.7710176045
attackOnU1_4=0.0
u1_4=0.1428189416
uattacked1_4=-54.3486336158
attackOnY1_4=1.0692239504
y1_4=0.0083329496
r1_4=5.03873e-05
r_4=5.03873e-05
x1_5=-1.1001007747
x2_5=10.9012908813
z1_5=0.0190224009
z2_5=0.067832898
xabs1_5=1.1001007747
xabs2_5=10.9012908813
attackOnU1_5=0.0
u1_5=0.1428189416
uattacked1_5=-54.3486336158
attackOnY1_5=0.0
y1_5=-0.0308768243
r1_5=-0.0498992252
r_5=0.0498992252
x1_6=-0.0068152708
x2_6=0.0315641581
z1_6=-0.006714496
z2_6=0.0323510307
xabs1_6=0.0068152708
xabs2_6=0.0315641581
attackOnU1_6=0.0
u1_6=-0.0652157003
uattacked1_6=-0.0652157003
attackOnY1_6=0.0
y1_6=-0.0068152708
r1_6=-0.0001007747
r_6=0.0001007747
x1_7=-0.0018067531
x2_7=0.0185210181
z1_7=-0.0016337484
z2_7=0.0191785463
xabs1_7=0.0018067531
xabs2_7=0.0185210181
attackOnU1_7=0.0
u1_7=-0.0923531536
uattacked1_7=-0.0923531536
attackOnY1_7=0.0
y1_7=-0.0018067531
r1_7=-0.0001730046
r_7=0.0001730046
x1_8=5.03873e-05
x2_8=5.03873e-05
z1_8=0.000208726
z2_8=0.000485864
xabs1_8=5.03873e-05
xabs2_8=5.03873e-05
attackOnU1_8=0.0
u1_8=-0.0080619802
uattacked1_8=-0.0080619802
attackOnY1_8=0.0
y1_8=5.03873e-05
r1_8=-0.0001583386
r_8=0.0001583386
attack on control signal component 1
[-311.81455623  480.01545493  -54.49145256    0.            0.
    0.            0.            0.            0.            0.        ]
attack on sensor 1
[0.29989923 6.73104702 9.81720465 4.37566457 1.06922395 0.
 0.         0.         0.         0.        ]
