sat
x1_0=-0.0025546614
x2_0=-0.0025546614
z1_0=0.0
z2_0=0.0
xabs1_0=0.0025546614
xabs2_0=0.0025546614
attackOnU1_0=221.124051053
u1_0=0.0
uattacked1_0=0.0
attackOnY1_0=-0.0308571573
y1_0=0.0
r1_0=0.0
r_0=0.0
x1_1=-0.0028101276
x2_1=-0.0025546614
z1_1=0.0
z2_1=0.0
xabs1_1=0.0028101276
xabs2_1=0.0025546614
attackOnU1_1=0.0
u1_1=0.0
uattacked1_1=221.124051053
attackOnY1_1=-1.1643058548
y1_1=-0.0336672849
r1_1=-0.0336672849
r_1=0.0336672849
x1_2=1.1025546614
x2_2=22.1098504438
z1_2=-0.0630285241
z2_2=-0.324997035
xabs1_2=1.1025546614
xabs2_2=22.1098504438
attackOnU1_2=-1108.74648475
u1_2=0.0
uattacked1_2=221.124051053
attackOnY1_2=-4.4648515593
y1_2=-0.0617511934
r1_2=0.0012773307
r_2=0.0012773307
x1_3=4.4191599611
x2_3=44.222255549
z1_3=-0.0931369367
z2_3=-0.3126667059
xabs1_3=4.4191599611
xabs2_3=44.222255549
attackOnU1_3=666.344437169
u1_3=3.2633851466
uattacked1_3=-1105.48309961
attackOnY1_3=-3.3319569506
y1_3=-0.0456915982
r1_3=0.0474453385
r_3=0.0474453385
x1_4=3.313970018
x2_4=-66.3260544114
z1_4=-0.0192642634
z2_4=0.4716711504
xabs1_4=3.313970018
xabs2_4=66.3260544114
attackOnU1_4=0.0
u1_4=-2.3618863927
uattacked1_4=663.982550776
attackOnY1_4=0.0
y1_4=-0.0179869326
r1_4=0.0012773307
r_4=0.0012773307
x1_5=0.0012773307
x2_5=0.0722006661
z1_5=0.0184847105
z2_5=0.2478128402
xabs1_5=0.0012773307
xabs2_5=0.0722006661
attackOnU1_5=0.0
u1_5=-1.6994794713
uattacked1_5=-1.6994794713
attackOnY1_5=0.0
y1_5=0.0012773307
r1_5=-0.0172073798
r_5=0.0172073798
x1_6=0.0
x2_6=-0.0977472809
z1_6=0.0025546614
z2_6=-0.0882413856
xabs1_6=0.0
xabs2_6=0.0977472809
attackOnU1_6=0.0
u1_6=-1.6994794713
uattacked1_6=-1.6994794713
attackOnY1_6=0.0
y1_6=0.0
r1_6=-0.0025546614
r_6=0.0025546614
x1_7=-0.0182721254
x2_7=-0.2676952281
z1_7=-0.0195494561
z2_7=-0.2828499909
xabs1_7=0.0182721254
xabs2_7=0.2676952281
attackOnU1_7=0.0
u1_7=-1.6994794713
uattacked1_7=-1.6994794713
attackOnY1_7=0.0
y1_7=-0.0182721254
r1_7=0.0012773307
r_7=0.0012773307
attack on control signal component 1
[  221.12405105     0.         -1108.74648475   666.34443717
     0.             0.             0.             0.
     0.        ]
attack on sensor 1
[-0.03085716 -1.16430585 -4.46485156 -3.33195695  0.          0.
  0.          0.          0.        ]
