sat
x1_0=-0.0052369955
x2_0=-0.0052369955
z1_0=0.0
z2_0=0.0
xabs1_0=0.0052369955
xabs2_0=0.0052369955
attackOnU1_0=304.908858828
u1_0=0.0
uattacked1_0=0.0
attackOnY1_0=0.005760695
y1_0=0.0
r1_0=0.0
r_0=0.0
x1_1=-0.005760695
x2_1=-0.0052369955
z1_1=0.0
z2_1=0.0
xabs1_1=0.005760695
xabs2_1=0.0052369955
attackOnU1_1=-203.804118917
u1_1=0.0
uattacked1_1=304.908858828
attackOnY1_1=-1.523496895
y1_1=0.0
r1_1=0.0
r_1=0.0
x1_2=1.5182598994
x2_2=30.4856488872
z1_2=0.0
z2_2=0.0
xabs1_2=1.5182598994
xabs2_2=30.4856488872
attackOnU1_2=0.0
u1_2=0.0
uattacked1_2=-203.804118917
attackOnY1_2=-3.5628453685
y1_2=-0.0052369955
r1_2=-0.0052369955
r_2=0.0052369955
x1_3=3.5478041936
x2_3=10.1052369955
z1_3=-0.0098041793
z2_3=-0.0505537653
xabs1_3=3.5478041936
xabs2_3=10.1052369955
attackOnU1_3=0.0
u1_3=0.0
uattacked1_3=-203.804118917
attackOnY1_3=-3.5692080294
y1_3=-0.0150411749
r1_3=-0.0052369955
r_3=0.0052369955
x1_4=3.5393072985
x2_4=-10.2751748962
z1_4=-0.0246637352
z2_4=-0.1011075307
xabs1_4=3.5393072985
xabs2_4=10.2751748962
attackOnU1_4=299.600698437
u1_4=0.0
uattacked1_4=-203.804118917
attackOnY1_4=-1.5425848776
y1_4=-0.0299007308
r1_4=-0.0052369955
r_4=0.0052369955
x1_5=1.4927692143
x2_5=-30.6555867879
z1_5=-0.0445786676
z2_5=-0.1516612961
xabs1_5=1.4927692143
xabs2_5=30.6555867879
attackOnU1_5=0.0
u1_5=1.5733415502
uattacked1_5=301.174039987
attackOnY1_5=0.0
y1_5=-0.0498156632
r1_5=-0.0052369955
r_5=0.0052369955
x1_6=-0.0669192644
x2_6=-0.5381827892
z1_6=-0.0616822689
z2_6=-0.0448809065
xabs1_6=0.0669192644
xabs2_6=0.5381827892
attackOnU1_6=0.0
u1_6=1.2429037764
uattacked1_6=1.2429037764
attackOnY1_6=0.0
y1_6=-0.0669192644
r1_6=-0.0052369955
r_6=0.0052369955
x1_7=-0.1145230245
x2_7=-0.4138924116
z1_7=-0.06976002
z2_7=0.0288557056
xabs1_7=0.1145230245
xabs2_7=0.4138924116
attackOnU1_7=0.0
u1_7=1.2429037764
uattacked1_7=1.2429037764
attackOnY1_7=0.0
y1_7=-0.1145230245
r1_7=-0.0447630044
r_7=0.0447630044
x1_8=-0.1496977467
x2_8=-0.2896020339
z1_8=-0.1444607512
z2_8=-0.2789601512
xabs1_8=0.1496977467
xabs2_8=0.2896020339
attackOnU1_8=0.0
u1_8=1.2429037764
uattacked1_8=1.2429037764
attackOnY1_8=0.0
y1_8=-0.1496977467
r1_8=-0.0052369955
r_8=0.0052369955
attack on control signal component 1
[ 304.90885883 -203.80411892    0.            0.          299.60069844
    0.            0.            0.            0.            0.        ]
attack on sensor 1
[ 0.00576069 -1.5234969  -3.56284537 -3.56920803 -1.54258488  0.
  0.          0.          0.          0.        ]
