sat
x1_0=-0.0004436999
x2_0=-0.0004436999
z1_0=0.0
z2_0=0.0
xabs1_0=0.0004436999
xabs2_0=0.0004436999
attackOnU1_0=55.05324399
u1_0=0.0
uattacked1_0=0.0
attackOnY1_0=-0.0490238601
y1_0=0.0
r1_0=0.0
r_0=0.0
x1_1=-0.0005324399
x2_1=-0.0004436999
z1_1=0.0
z2_1=0.0
xabs1_1=0.0005324399
xabs2_1=0.0004436999
attackOnU1_1=0.0
u1_1=0.0
uattacked1_1=55.05324399
attackOnY1_1=-1.1495022942
y1_1=-0.0495563
r1_1=-0.0495563
r_1=0.0495563
x1_2=1.1004436999
x2_2=11.010205098
z1_2=-0.0418701179
z2_2=-0.0636055111
xabs1_2=1.1004436999
xabs2_2=11.010205098
attackOnU1_2=-278.7125087994
u1_2=0.0
uattacked1_2=55.05324399
attackOnY1_2=-4.4646580631
y1_2=-0.0490585943
r1_2=-0.0071884764
r_2=0.0071884764
x1_3=4.4035495993
x2_3=22.020853896
z1_3=-0.0606647638
z2_3=-0.0728319206
xabs1_3=4.4035495993
xabs2_3=22.020853896
attackOnU1_3=167.8972181473
u1_3=1.8806012438
uattacked1_3=-276.8319075555
attackOnY1_3=-3.3245483538
y1_3=-0.0611084638
r1_3=-0.0004436999
r_3=0.0004436999
x1_4=3.2710822274
x2_4=-33.345527615
z1_4=-0.0379940051
z2_4=0.3027188393
xabs1_4=3.2710822274
xabs2_4=33.345527615
attackOnU1_4=0.0
u1_4=-1.1784540705
uattacked1_4=166.7187640767
attackOnY1_4=0.0
y1_4=-0.0534661263
r1_4=-0.0154721211
r_4=0.0154721211
x1_5=-0.063648014
x2_5=-0.0017747996
z1_5=-0.0140917139
z2_5=0.0471695576
xabs1_5=0.063648014
xabs2_5=0.0017747996
attackOnU1_5=0.0
u1_5=0.0033277493
uattacked1_5=0.0033277493
attackOnY1_5=0.0
y1_5=-0.063648014
r1_5=-0.0495563
r_5=0.0495563
x1_6=-0.0639364189
x2_6=-0.0011092497
z1_6=-0.0464613653
z2_6=-0.0157704036
xabs1_6=0.0639364189
xabs2_6=0.0011092497
attackOnU1_6=0.0
u1_6=0.0033277493
uattacked1_6=0.0033277493
attackOnY1_6=0.0
y1_6=-0.0639364189
r1_6=-0.0174750536
r_6=0.0174750536
x1_7=-0.0640917139
x2_7=-0.0004436999
z1_7=-0.0643135639
z2_7=-0.037534085
xabs1_7=0.0640917139
xabs2_7=0.0004436999
attackOnU1_7=0.0
u1_7=0.0033277493
uattacked1_7=0.0033277493
attackOnY1_7=0.0
y1_7=-0.0640917139
r1_7=0.0002218499
r_7=0.0002218499
attack on control signal component 1
[  55.05324399    0.         -278.7125088   167.89721815    0.
    0.            0.            0.            0.        ]
attack on sensor 1
[-0.04902386 -1.14950229 -4.46465806 -3.32454835  0.          0.
  0.          0.          0.        ]
