sat
x1_0=-0.0076774084
x2_0=-0.2091116187
z1_0=0.0
z2_0=0.0
xabs1_0=0.0076774084
xabs2_0=0.2091116187
attackOnU1_0=0.0
u1_0=0.0
uattacked1_0=0.0
attackOnY1_0=0.0
y1_0=0.0
r1_0=0.0
r_0=0.0
x1_1=-0.0494997322
x2_1=-0.2091116187
z1_1=0.0
z2_1=0.0
xabs1_1=0.0494997322
xabs2_1=0.2091116187
attackOnU1_1=0.0
u1_1=0.0
uattacked1_1=0.0
attackOnY1_1=0.0
y1_1=-0.0494997322
r1_1=-0.0494997322
r_1=0.0494997322
x1_2=-0.0913220559
x2_2=-0.2091116187
z1_2=-0.0418223237
z2_2=-0.0635329063
xabs1_2=0.0913220559
xabs2_2=0.2091116187
attackOnU1_2=0.0
u1_2=0.0
uattacked1_2=0.0
attackOnY1_2=0.0
y1_2=-0.0913220559
r1_2=-0.0494997322
r_2=0.0494997322
x1_3=-0.1331443797
x2_3=-0.2091116187
z1_3=-0.0963512287
z2_3=-0.1270658126
xabs1_3=0.1331443797
xabs2_3=0.2091116187
attackOnU1_3=0.0
u1_3=0.0
uattacked1_3=0.0
attackOnY1_3=0.0
y1_3=-0.1331443797
r1_3=-0.0367931509
r_3=0.0367931509
x1_4=-0.1749667035
x2_4=-0.2091116187
z1_4=-0.1528509245
z2_4=-0.1742898218
xabs1_4=0.1749667035
xabs2_4=0.2091116187
attackOnU1_4=0.0
u1_4=0.0
uattacked1_4=0.0
attackOnY1_4=0.0
y1_4=-0.1749667035
r1_4=-0.0221157789
r_4=0.0221157789
x1_5=-0.2167890272
x2_5=-0.2091116187
z1_5=-0.2063945105
z2_5=-0.2026754241
xabs1_5=0.2167890272
xabs2_5=0.2091116187
attackOnU1_5=0.0
u1_5=6.0930363675
uattacked1_5=6.0930363675
attackOnY1_5=0.0
y1_5=-0.2167890272
r1_5=-0.0103945166
r_5=0.0103945166
x1_6=-0.1367506236
x2_6=1.0094956547
z1_6=-0.1338511952
z2_6=1.0025904871
xabs1_6=0.1367506236
xabs2_6=1.0094956547
attackOnU1_6=0.0
u1_6=6.0930363675
uattacked1_6=6.0930363675
attackOnY1_6=-0.0014315999
y1_6=-0.1367506236
r1_6=-0.0028994284
r_6=0.0028994284
x1_7=0.1870092346
x2_7=2.2281029282
z1_7=0.1860779024
z2_7=2.2174763442
xabs1_7=0.1870092346
xabs2_7=2.2281029282
attackOnU1_7=0.0
u1_7=6.0930363675
uattacked1_7=6.0930363675
attackOnY1_7=0.0
y1_7=0.1855776346
r1_7=-0.0005002677
r_7=0.0005002677
x1_8=0.7544905476
x2_8=3.4467102017
z1_8=0.7510112224
z2_8=3.435441524
xabs1_8=0.7544905476
xabs2_8=3.4467102017
attackOnU1_8=0.0
u1_8=-40.4209362013
uattacked1_8=-40.4209362013
attackOnY1_8=0.0
y1_8=0.7544905476
r1_8=0.0034793251
r_8=0.0034793251
x1_9=0.6354138639
x2_9=-4.6374770385
z1_9=0.632620485
z2_9=-4.6442800022
xabs1_9=0.6354138639
xabs2_9=4.6374770385
attackOnU1_9=0.0
u1_9=-40.4209362013
uattacked1_9=-40.4209362013
attackOnY1_9=0.0
y1_9=0.6354138639
r1_9=0.0027933788
r_9=0.0027933788
x1_10=-1.1005002677
x2_10=-12.7216642787
z1_10=-1.1022941135
z2_10=-12.7248819407
xabs1_10=1.1005002677
xabs2_10=12.7216642787
attackOnU1_10=0.0
u1_10=111.2953579662
uattacked1_10=111.2953579662
attackOnY1_10=0.0
y1_10=-1.1005002677
r1_10=0.0017938458
r_10=0.0017938458
attack on control signal component 1
[0. 0. 0. 0. 0. 0. 0. 0. 0. 0. 0. 0.]
attack on sensor 1
[ 0.         0.         0.         0.         0.         0.
 -0.0014316  0.         0.         0.         0.         0.       ]
