sat
sat
rabs2_1 = 0.0091469339?
u1_attacked_2 = 0.0956872764?
x2_0 = 0
y1_3 = -0.0116271138?
x2_2 = 0.0355416932?
x2_abs_0 = 0
rabs2_0 = 0
y2_3 = -0.0077547089?
x1_1 = 0.0024797115?
z2_1 = 0.0093614645?
x2_4 = -0.0001767550?
u1_4 = -0.0004695517?
r1_2 = 0.0023622856?
u1_attacked_1 = 0.0343018375?
z1_2 = 0.0257811474?
y2_4 = -0.0002723081?
rabs1_1 = 0.0208166846?
u2_attacked_1 = 0.0363556261?
u2_2 = 0.0616099561?
u2_attacked_0 = 0
z1_5 = 0.0001114212?
u1_0 = 0
r2_2 = 0.0011442586?
x1_5 = 0.0001130798?
x2_abs_4 = 0.1500363814?
y2_1 = 0.0049594230?
r_0 = 0.0035194799?
rabs1_3 = 0.0000614634?
x1_2 = 0.0260487700?
r2_4 = -0.0000363814?
u2_0 = 0
rabs2_2 = 0.0011442586?
x1_abs_0 = 0
rabs1_0 = 0.0035194799?
y1_1 = 0.0049594230?
u2_4 = -0.0004401030?
x1_abs_2 = 0.0500363814?
z2_3 = -0.0039056114?
r2_0 = 0
z1_4 = -0.0000772114?
r_4 = 0.0001271113?
x2_abs_1 = 0.1500363814?
x2_abs_2 = 0.1500363814?
u2_attacked_2 = 0.0616099561?
u1_attack_0 = 0.0012398557?
z2_2 = 0.0346466151?
y1_2 = 0.1061390799?
r2_1 = -0.0091469339?
x1_3 = -0.0029092532?
r1_4 = -0.0000907299?
rabs1_4 = 0.0000907299?
x2_5 = 0.0001687784?
r_3 = 0.0000614634?
y1_attack_0 = -0.0035194799?
rabs2_3 = 0
r_1 = 0.0299636185?
r1_0 = -0.0035194799?
u1_3 = -0.0108233939?
u2_3 = -0.0070310805?
z2_5 = 0.0001605373?
r_2 = 0.0035065443?
x1_4 = -0.0000818150?
r1_1 = -0.0208166846?
u1_2 = 0.0956872764?
u1_attacked_3 = -0.0108233939?
y1_0 = -0.0035194799?
z2_0 = 0
u2_attacked_3 = -0.0070310805?
z2_4 = -0.0001404854?
z1_1 = 0.0041357408?
r1_3 = 0.0000614634?
x2_3 = -0.0038748797?
x1_abs_1 = 0.0500363814?
x2_1 = 0.0012398557?
u1_attacked_0 = 0.0012398557?
u1_1 = 0.0343018375?
z1_3 = -0.0028938873?
x1_abs_3 = 0.0500363814?
z1_0 = 0
y2_2 = 0.0701113867?
rabs2_4 = 0.0000363814?
rabs1_2 = 0.0023622856?
u2_attacked_4 = -0.0004401030?
u1_attacked_4 = -0.0004695517?
r2_3 = 0
x1_0 = 0
x2_abs_3 = 0.1500363814?
x1_abs_4 = 0.0500363814?
u2_1 = 0.0363556261?
y1_4 = -0.0004896642?
y2_0 = 0
