sat
x1_0=5.94148e-05
x2_0=-0.0003896074
z1_0=0.0
z2_0=0.0
xabs1_0=5.94148e-05
xabs2_0=0.0003896074
attackOnU1_0=7.03959e-05
attackOnU2_0=0.0
u1_0=0.0
u2_0=0.0
uattacked1_0=0.0
uattacked2_0=0.0
attackOnY1_0=-0.0002305289
attackOnY2_0=0.0
y1_0=0.0
y2_0=0.0
r1_0=0.0
r2_0=0.0
r_0=0.0
x1_1=0.0011094075
x2_1=0.0021262817
z1_1=0.0
z2_1=0.0
xabs1_1=0.0011094075
xabs2_1=0.0021262817
attackOnU1_1=0.0
attackOnU2_1=0.0
u1_1=0.0
u2_1=0.0
uattacked1_1=7.03959e-05
uattacked2_1=0.0
attackOnY1_1=0.0
attackOnY2_1=0.0
y1_1=0.0057600732
y2_1=0.0034760774
r1_1=0.0057600732
r2_1=0.0034760774
r_1=0.0092361506
x1_2=-0.0073474607
x2_2=-0.0072327899
z1_2=-0.0072594841
z2_2=-0.0074830116
xabs1_2=0.0073474607
xabs2_2=0.0072327899
attackOnU1_2=0.0
attackOnU2_2=0.0
u1_2=0.0
u2_2=0.0
uattacked1_2=0.0
uattacked2_2=0.0
attackOnY1_2=0.0
attackOnY2_2=0.0
y1_2=-0.0232366644
y2_2=-0.0175421691
r1_2=0.0005301508
r2_2=5.94148e-05
r_2=0.0005895656
x1_3=0.0290458305
x2_3=0.0141215674
z1_3=0.0290771495
z2_3=0.014360432
xabs1_3=0.0290458305
xabs2_3=0.0141215674
attackOnU1_3=0.0
attackOnU2_3=0.0
u1_3=-0.0156189457
u2_3=-0.0015295948
uattacked1_3=-0.0156189457
uattacked2_3=-0.0015295948
attackOnY1_3=0.0
attackOnY2_3=0.0
y1_3=0.0571284263
y2_3=0.0577705829
r1_3=-0.0005983302
r2_3=-0.0002412019
r_3=0.0008395322
x1_4=-0.1011188296
x2_4=0.0009107086
z1_4=-0.1011295868
z2_4=0.0008579545
xabs1_4=0.1011188296
xabs2_4=0.0009107086
attackOnU1_4=0.0
attackOnU2_4=0.0
u1_4=-0.0152299354
u2_4=-0.1025315593
uattacked1_4=-0.0152299354
uattacked2_4=-0.1025315593
attackOnY1_4=0.0
attackOnY2_4=0.0
y1_4=-0.0787093628
y2_4=-0.1610615604
r1_4=0.0001352155
r2_4=5.94148e-05
r_4=0.0001946303
attack on control signal component 1
[7.03959e-05 0.00000e+00 0.00000e+00 0.00000e+00 0.00000e+00 0.00000e+00]
attack on control signal component 2
[0. 0. 0. 0. 0. 0.]
attack on sensor 1
[-0.00023053  0.          0.          0.          0.          0.        ]
attack on sensor 2
[0. 0. 0. 0. 0. 0.]
