sat
sat
z3name!15 = 0.0000587314?
rabs2_1 = 0.0000587314?
u1_attacked_2 = 0
x2_0 = 0
y1_3 = -0.0006812842?
z3name!16 = 0.0000234925?
x2_2 = 0.0000146828?
x2_abs_0 = 0
z3name!14 = 0.0000587314?
u1_attacked_5 = 0
rabs2_0 = 0
y2_3 = -0.0001879404?
x1_1 = 0.0000293657?
z2_1 = 0
x2_4 = 0.0015563821?
z3name!13 = 0
u1_4 = 0
r1_2 = -0.0000234925?
u1_attacked_1 = 0
z1_2 = 0
y2_4 = 0.0026076742?
rabs1_1 = 0.0000587314?
u2_attacked_1 = 0
u2_2 = 0
u2_attacked_0 = 0
z1_5 = 0
r2_2 = -0.0001057165?
u1_0 = 0
x1_6 = 0.0212020360?
z3name!17 = 0.0001057165?
x1_5 = -0.0055207517?
z3name!21 = 0.0026076742?
x2_abs_4 = 0.1500234925?
y2_1 = 0.0000587314?
r_0 = 0
rabs1_3 = 0.0006812842?
u2_5 = 0
z3name!20 = 0.0044166014?
r1_5 = -0.0169616288?
x1_2 = -0.0000734142?
r2_4 = 0.0026076742?
u2_attacked_5 = 0
u2_0 = 0
rabs2_2 = 0.0001057165?
z3name!22 = 0.0169616288?
x1_abs_0 = 0
rabs1_0 = 0
y1_1 = 0.0000587314?
u2_4 = 0
z3name!19 = 0.0001879404?
z2_3 = 0
r2_5 = -0.0130148786?
z1_6 = 0
x1_abs_2 = 0.0500234925?
r2_0 = 0
z1_4 = 0
r_4 = 0.0070242756?
z3name!18 = 0.0006812842?
x2_abs_1 = 0.1500234925?
x2_abs_2 = 0.1500234925?
u2_attacked_2 = 0
u1_attack_0 = 0.0000146828?
z2_2 = 0
y1_2 = -0.0000234925?
r2_1 = 0.0000587314?
x1_3 = 0.0000293657?
r1_4 = 0.0044166014?
rabs1_4 = 0.0044166014?
x2_5 = -0.0052270947?
r_3 = 0.0008692247?
y2_5 = -0.0130148786?
y1_attack_0 = 0
u1_5 = 0
rabs2_3 = 0.0001879404?
r_1 = 0.0001174628?
r1_0 = 0
z2_6 = 0
z3name!23 = 0.0130148786?
u1_3 = 0
u2_3 = 0
z2_5 = 0
r_2 = 0.0001292090?
x1_4 = 0.0008516053?
r1_1 = 0.0000587314?
u1_2 = 0
u1_attacked_3 = 0
y1_0 = 0
z2_0 = 0
u2_attacked_3 = 0
x2_abs_5 = 0.1500234925?
z2_4 = 0
z1_1 = 0
r1_3 = -0.0006812842?
x2_3 = -0.0002936570?
x1_abs_1 = 0.0500234925?
x2_1 = 0.0000146828?
u1_attacked_0 = 0.0000146828?
z3name!12 = 0
u1_1 = 0
z1_3 = 0
rabs2_5 = 0.0130148786?
x1_abs_3 = 0.0500234925?
z1_0 = 0
x1_abs_5 = 0.0500234925?
rabs1_5 = 0.0169616288?
y2_2 = -0.0001057165?
y1_5 = -0.0169616288?
rabs2_4 = 0.0026076742?
rabs1_2 = 0.0000234925?
u2_attacked_4 = 0
u1_attacked_4 = 0
r_5 = 0.0299765074?
r2_3 = -0.0001879404?
x1_0 = 0
x2_6 = 0.0095732184?
x2_abs_3 = 0.1500234925?
x1_abs_4 = 0.0500234925?
u2_1 = 0
y1_4 = 0.0044166014?
y2_0 = 0
