sat
x1_0=-0.0010708112
x2_0=-0.0036672084
z1_0=0.0
z2_0=0.0
xabs1_0=0.0010708112
xabs2_0=0.0036672084
attackOnU1_0=0.0
u1_0=0.0
uattacked1_0=0.0
attackOnY1_0=0.0
y1_0=0.0
r1_0=0.0
r_0=0.0
x1_1=-0.0003085528
x2_1=-0.0029998278
z1_1=0.0
z2_1=0.0
xabs1_1=0.0003085528
xabs2_1=0.0029998278
attackOnU1_1=0.0
u1_1=0.0
uattacked1_1=0.0
attackOnY1_1=0.0
y1_1=-0.0029998278
r1_1=-0.0029998278
r_1=0.0029998278
x1_2=8.6e-08
x2_2=-0.0017197607
z1_2=0.0001169932
z2_2=-0.0013016252
xabs1_2=8.6e-08
xabs2_2=0.0017197607
attackOnU1_2=0.0
u1_2=0.0
uattacked1_2=0.0
attackOnY1_2=0.0
y1_2=-0.0017197607
r1_2=-0.0004181354
r_2=0.0004181354
x1_3=7.88033e-05
x2_3=-0.0007569272
z1_3=0.0001279837
z2_3=-0.0006030268
xabs1_3=7.88033e-05
xabs2_3=0.0007569272
attackOnU1_3=0.0
u1_3=0.0
uattacked1_3=0.0
attackOnY1_3=0.0
y1_3=-0.0007569272
r1_3=-0.0001539004
r_3=0.0001539004
x1_4=6.97347e-05
x2_4=-0.0002312357
z1_4=9.05735e-05
z2_4=-0.0001666316
xabs1_4=6.97347e-05
xabs2_4=0.0002312357
attackOnU1_4=0.0
u1_4=0.0
uattacked1_4=0.0
attackOnY1_4=0.0
y1_4=-0.0002312357
r1_4=-6.4604e-05
r_4=6.4604e-05
x1_5=4.16225e-05
x2_5=-1.15601e-05
z1_5=5.04564e-05
z2_5=1.58101e-05
xabs1_5=4.16225e-05
xabs2_5=1.15601e-05
attackOnU1_5=0.0
u1_5=2.735e-06
uattacked1_5=2.735e-06
attackOnY1_5=0.0
y1_5=-1.15601e-05
r1_5=-2.73702e-05
r_5=2.73702e-05
x1_6=1.92019e-05
x2_6=6.12402e-05
z1_6=2.29469e-05
z2_6=7.28429e-05
xabs1_6=1.92019e-05
xabs2_6=6.12402e-05
attackOnU1_6=0.0
u1_6=2.735e-06
uattacked1_6=2.735e-06
attackOnY1_6=0.0
y1_6=6.12402e-05
r1_6=-1.16026e-05
r_6=1.16026e-05
x1_7=5.8904e-06
x2_7=6.42769e-05
z1_7=7.478e-06
z2_7=6.91956e-05
xabs1_7=5.8904e-06
xabs2_7=6.42769e-05
attackOnU1_7=20.0000519377
u1_7=2.735e-06
uattacked1_7=2.735e-06
attackOnY1_7=1.913e-06
y1_7=6.42769e-05
r1_7=-4.9187e-06
r_7=4.9187e-06
x1_8=-1.721e-07
x2_8=4.839e-05
z1_8=5.008e-07
z2_8=5.04752e-05
xabs1_8=1.721e-07
xabs2_8=4.839e-05
attackOnU1_8=-17.7040489115
u1_8=-7.118e-06
uattacked1_8=20.0000448197
attackOnY1_8=-91.2154852875
y1_8=5.0303e-05
r1_8=-1.721e-07
r_8=1.721e-07
x1_9=1.1000001721
x2_9=91.2142254878
z1_9=-2.4736e-06
z2_9=-9.6707e-06
xabs1_9=1.1000001721
xabs2_9=91.2142254878
attackOnU1_9=5.1029253415
u1_9=1.129e-06
uattacked1_9=-17.7040477824
attackOnY1_9=39.1661648685
y1_9=-0.0012597996
r1_9=-0.0012501289
r_9=0.0012501289
x1_10=-4.6618340787
x2_10=-39.167058439
z1_10=4.81592e-05
z2_10=-0.0005447392
xabs1_10=4.6618340787
xabs2_10=39.167058439
attackOnU1_10=0.0
u1_10=8.21062e-05
uattacked1_10=5.1030074478
attackOnY1_10=0.0
y1_10=-0.0008935705
r1_10=-0.0003488313
r_10=0.0003488313
x1_11=5.21e-07
x2_11=-1.721e-07
z1_11=6.45001e-05
z2_11=4.56232e-05
xabs1_11=5.21e-07
xabs2_11=1.721e-07
attackOnU1_11=0.0
u1_11=-1.123e-07
uattacked1_11=-1.123e-07
attackOnY1_11=0.0
y1_11=-1.721e-07
r1_11=-4.57954e-05
r_11=4.57954e-05
x1_12=2.335e-07
x2_12=8.6e-08
z1_12=2.83928e-05
z2_12=8.31571e-05
xabs1_12=2.335e-07
xabs2_12=8.6e-08
attackOnU1_12=0.0
u1_12=-1.123e-07
uattacked1_12=-1.123e-07
attackOnY1_12=0.0
y1_12=8.6e-08
r1_12=-8.3071e-05
r_12=8.3071e-05
x1_13=9.38e-08
x2_13=-1.721e-07
z1_13=1.20598e-05
z2_13=3.67864e-05
xabs1_13=9.38e-08
xabs2_13=1.721e-07
attackOnU1_13=0.0
u1_13=-4.0333e-06
uattacked1_13=-4.0333e-06
attackOnY1_13=0.0
y1_13=-1.721e-07
r1_13=-3.69586e-05
r_13=3.69586e-05
attack on control signal component 1
[  0.           0.           0.           0.           0.
   0.           0.          20.00005194 -17.70404891   5.10292534
   0.           0.           0.           0.           0.        ]
attack on sensor 1
[ 0.00000000e+00  0.00000000e+00  0.00000000e+00  0.00000000e+00
  0.00000000e+00  0.00000000e+00  0.00000000e+00  1.91300000e-06
 -9.12154853e+01  3.91661649e+01  0.00000000e+00  0.00000000e+00
  0.00000000e+00  0.00000000e+00  0.00000000e+00]
