sat
x1_0=-0.1
x2_0=-2.1052e-06
z1_0=0.0
z2_0=0.0
xabs1_0=0.1
xabs2_0=2.1052e-06
attackOnU1_0=-19.7477409567
u1_0=0.0
uattacked1_0=0.0
attackOnY1_0=0.1293888214
y1_0=0.0
r1_0=0.0
r_0=0.0
x1_1=-0.0444999035
x2_1=-0.1293909267
z1_1=0.0
z2_1=0.0
xabs1_1=0.0444999035
xabs2_1=0.1293909267
attackOnU1_1=17.4954797366
u1_1=0.0
uattacked1_1=-19.7477409567
attackOnY1_1=90.1750596845
y1_1=-2.1052e-06
r1_1=-2.1052e-06
r_1=2.1052e-06
x1_2=-1.1000021052
x2_2=-90.1780584927
z1_2=8.21e-08
z2_2=-9.134e-07
xabs1_2=1.1000021052
xabs2_2=90.1780584927
attackOnU1_2=-5.0386707064
u1_2=1.378e-07
uattacked1_2=17.4954798744
attackOnY1_2=-38.6740579803
y1_2=-0.0029988082
r1_2=-0.0029978947
r_2=0.0029978947
x1_3=4.6029055352
x2_3=38.6719609909
z1_3=0.0001170038
z2_3=-0.0013004538
xabs1_3=4.6029055352
xabs2_3=38.6719609909
attackOnU1_3=0.0
u1_3=0.0001962127
uattacked1_3=-5.0384744936
attackOnY1_3=0.0
y1_3=-0.0020969894
r1_3=-0.0007965355
r_3=0.0007965355
x1_4=1.0526e-06
x2_4=0.0001260768
z1_4=0.000153484
z2_4=0.000128182
xabs1_4=1.0526e-06
xabs2_4=0.0001260768
attackOnU1_4=0.0
u1_4=-3.0529e-06
uattacked1_4=-3.0529e-06
attackOnY1_4=0.0
y1_4=0.0001260768
r1_4=-2.1052e-06
r_4=2.1052e-06
x1_5=-5.4738e-06
x2_5=4.29373e-05
z1_5=6.23438e-05
z2_5=0.0002401816
xabs1_5=5.4738e-06
xabs2_5=4.29373e-05
attackOnU1_5=0.0
u1_5=-3.0529e-06
uattacked1_5=-3.0529e-06
attackOnY1_5=0.0
y1_5=4.29373e-05
r1_5=-0.0001972443
r_5=0.0001972443
x1_6=-4.5702e-06
x2_6=-2.1052e-06
z1_6=2.42673e-05
z2_6=8.68866e-05
xabs1_6=4.5702e-06
xabs2_6=2.1052e-06
attackOnU1_6=0.0
u1_6=-3.0529e-06
uattacked1_6=-3.0529e-06
attackOnY1_6=0.0
y1_6=-2.1052e-06
r1_6=-8.89919e-05
r_6=8.89919e-05
attack on control signal component 1
[-19.74774096  17.49547974  -5.03867071   0.           0.
   0.           0.           0.        ]
attack on sensor 1
[  0.12938882  90.17505968 -38.67405798   0.           0.
   0.           0.           0.        ]
