sat
x1_0=-0.0011476953
x2_0=-1.04131e-05
z1_0=0.0
z2_0=0.0
xabs1_0=0.0011476953
xabs2_0=1.04131e-05
attackOnU1_0=0.0
u1_0=0.0
uattacked1_0=0.0
attackOnY1_0=0.0
y1_0=0.0
r1_0=0.0
r_0=0.0
x1_1=-0.0005102475
x2_1=-0.0014895868
z1_1=0.0
z2_1=0.0
xabs1_1=0.0005102475
xabs2_1=0.0014895868
attackOnU1_1=0.0
u1_1=0.0
uattacked1_1=0.0
attackOnY1_1=0.0
y1_1=-0.0014895868
r1_1=-0.0014895868
r_1=0.0014895868
x1_2=-0.000158837
x2_2=-0.0013159254
z1_2=5.80938e-05
z2_2=-0.0006463317
xabs1_2=0.000158837
xabs2_2=0.0013159254
attackOnU1_2=19.9995410307
u1_2=0.0
uattacked1_2=0.0
attackOnY1_2=0.0002849054
y1_2=-0.0013159254
r1_2=-0.0006695936
r_2=0.0006695936
x1_3=-1.04131e-05
x2_3=-0.0007847896
z1_3=8.15679e-05
z2_3=-0.0004998842
xabs1_3=1.04131e-05
xabs2_3=0.0007847896
attackOnU1_3=-17.6925416849
u1_3=7.90343e-05
uattacked1_3=19.999620065
attackOnY1_3=-91.2116727624
y1_3=-0.0004998842
r1_3=0.0
r_3=0.0
x1_4=1.1000104131
x2_4=91.2119082928
z1_4=6.35393e-05
z2_4=0.0002459435
xabs1_4=1.1000104131
xabs2_4=91.2119082928
attackOnU1_4=5.0978457979
u1_4=-2.86526e-05
uattacked1_4=-17.6925703375
attackOnY1_4=39.1157380731
y1_4=0.0002355303
r1_4=-1.04131e-05
r_4=1.04131e-05
x1_5=-4.6610921345
x2_5=-39.1157200344
z1_5=1.58409e-05
z2_5=5.52834e-05
xabs1_5=4.6610921345
xabs2_5=39.1157200344
attackOnU1_5=0.0
u1_5=-6.2867e-06
uattacked1_5=5.0978395112
attackOnY1_5=0.0
y1_5=1.80387e-05
r1_5=-3.72447e-05
r_5=3.72447e-05
x1_6=-0.0023048491
x2_6=-1.04131e-05
z1_6=5.624e-06
z2_6=0.0
xabs1_6=0.0023048491
xabs2_6=1.04131e-05
attackOnU1_6=0.0
u1_6=5.55e-07
uattacked1_6=5.55e-07
attackOnY1_6=0.0
y1_6=-1.04131e-05
r1_6=-1.04131e-05
r_6=1.04131e-05
x1_7=-0.0010251504
x2_7=-0.0029842965
z1_7=2.9393e-06
z2_7=5.2902e-06
xabs1_7=0.0010251504
xabs2_7=0.0029842965
attackOnU1_7=0.0
u1_7=5.55e-07
uattacked1_7=5.55e-07
attackOnY1_7=0.0
y1_7=-0.0029842965
r1_7=-0.0029895868
r_7=0.0029895868
x1_8=-0.0003194806
x2_8=-0.0026375978
z1_8=0.0001176901
z2_8=-0.0012885181
xabs1_8=0.0003194806
xabs2_8=0.0026375978
attackOnU1_8=0.0
u1_8=5.55e-07
uattacked1_8=5.55e-07
attackOnY1_8=0.0
y1_8=-0.0026375978
r1_8=-0.0013490797
r_8=0.0013490797
attack on control signal component 1
[  0.           0.          19.99954103 -17.69254168   5.0978458
   0.           0.           0.           0.           0.        ]
attack on sensor 1
[ 0.00000000e+00  0.00000000e+00  2.84905400e-04 -9.12116728e+01
  3.91157381e+01  0.00000000e+00  0.00000000e+00  0.00000000e+00
  0.00000000e+00  0.00000000e+00]
