sat
x1_0=-0.0011215262
x2_0=-1.01756e-05
z1_0=0.0
z2_0=0.0
xabs1_0=0.0011215262
xabs2_0=1.01756e-05
attackOnU1_0=0.0
u1_0=0.0
uattacked1_0=0.0
attackOnY1_0=0.0
y1_0=0.0
r1_0=0.0
r_0=0.0
x1_1=-0.0004986131
x2_1=-0.0014556221
z1_1=0.0
z2_1=0.0
xabs1_1=0.0004986131
xabs2_1=0.0014556221
attackOnU1_1=0.0
u1_1=0.0
uattacked1_1=0.0
attackOnY1_1=0.0
y1_1=-0.0014556221
r1_1=-0.0014556221
r_1=0.0014556221
x1_2=-0.0001552153
x2_2=-0.0012859203
z1_2=5.67692e-05
z2_2=-0.0006315944
xabs1_2=0.0001552153
xabs2_2=0.0012859203
attackOnU1_2=0.0
u1_2=0.0
uattacked1_2=0.0
attackOnY1_2=0.0
y1_2=-0.0012859203
r1_2=-0.0006543259
r_2=0.0006543259
x1_3=-1.01756e-05
x2_3=-0.0007668952
z1_3=7.9708e-05
z2_3=-0.0004884861
xabs1_3=1.01756e-05
xabs2_3=0.0007668952
attackOnU1_3=0.0
u1_3=0.0
uattacked1_3=0.0
attackOnY1_3=0.0
y1_3=-0.0007668952
r1_3=-0.0002784091
r_3=0.0002784091
x1_4=3.05956e-05
x2_4=-0.0003507536
z1_4=6.87007e-05
z2_4=-0.000232699
xabs1_4=3.05956e-05
xabs2_4=0.0003507536
attackOnU1_4=0.0
u1_4=0.0
uattacked1_4=0.0
attackOnY1_4=0.0
y1_4=-0.0003507536
r1_4=-0.0001180545
r_4=0.0001180545
x1_5=2.96795e-05
x2_5=-0.000114814
z1_5=4.58335e-05
z2_5=-6.47661e-05
xabs1_5=2.96795e-05
xabs2_5=0.000114814
attackOnU1_5=20.0000242887
u1_5=0.0
uattacked1_5=0.0
attackOnY1_5=1.10412e-05
y1_5=-0.000114814
r1_5=-5.00479e-05
r_5=5.00479e-05
x1_6=1.84658e-05
x2_6=-1.21387e-05
z1_6=2.5314e-05
z2_6=9.0781e-06
xabs1_6=1.84658e-05
xabs2_6=1.21387e-05
attackOnU1_6=-17.7020952039
u1_6=1.2093e-06
uattacked1_6=20.0000254981
attackOnY1_6=-91.2141071641
y1_6=-1.0974e-06
r1_6=-1.01756e-05
r_6=1.01756e-05
x1_7=1.1000101756
x2_7=91.214134839
z1_7=1.13123e-05
z2_7=3.78505e-05
xabs1_7=1.1000101756
xabs2_7=91.214134839
attackOnU1_7=5.1016340216
u1_7=-4.2582e-06
uattacked1_7=-17.7020994622
attackOnY1_7=39.1552173337
y1_7=2.76749e-05
r1_7=-1.01756e-05
r_7=1.01756e-05
x1_8=-4.6617183178
x2_8=-39.158199695
z1_8=3.463e-06
z2_8=7.463e-06
xabs1_8=4.6617183178
xabs2_8=39.158199695
attackOnU1_8=0.0
u1_8=-7.179e-07
uattacked1_8=5.1016333036
attackOnY1_8=0.0
y1_8=-0.0029823612
r1_8=-0.0029898243
r_8=0.0029898243
x1_9=-0.0004292737
x2_9=-0.0022178291
z1_9=0.0001177629
z2_9=-0.0012927929
xabs1_9=0.0004292737
xabs2_9=0.0022178291
attackOnU1_9=0.0
u1_9=0.0001951998
uattacked1_9=0.0001951998
attackOnY1_9=0.0
y1_9=-0.0022178291
r1_9=-0.0009250361
r_9=0.0009250361
x1_10=-7.87142e-05
x2_10=-0.0006414778
z1_10=0.0001584268
z2_10=7.21605e-05
xabs1_10=7.87142e-05
xabs2_10=0.0006414778
attackOnU1_10=0.0
u1_10=0.0001951998
uattacked1_10=0.0001951998
attackOnY1_10=0.0
y1_10=-0.0006414778
r1_10=-0.0007136384
r_10=0.0007136384
x1_11=5.0878e-06
x2_11=0.0005060208
z1_11=0.0001057628
z2_11=0.0008173535
xabs1_11=5.0878e-06
xabs2_11=0.0005060208
attackOnU1_11=0.0
u1_11=0.0001951998
uattacked1_11=0.0001951998
attackOnY1_11=0.0
y1_11=0.0005060208
r1_11=-0.0003113327
r_11=0.0003113327
attack on control signal component 1
[  0.           0.           0.           0.           0.
  20.00002429 -17.7020952    5.10163402   0.           0.
   0.           0.           0.        ]
attack on sensor 1
[ 0.00000000e+00  0.00000000e+00  0.00000000e+00  0.00000000e+00
  0.00000000e+00  1.10412000e-05 -9.12141072e+01  3.91552173e+01
  0.00000000e+00  0.00000000e+00  0.00000000e+00  0.00000000e+00
  0.00000000e+00]
