sat
x1_0=-0.0023172438
x2_0=-1.193e-06
z1_0=0.0
z2_0=0.0
xabs1_0=0.0023172438
xabs2_0=1.193e-06
attackOnU1_0=0.0
u1_0=0.0
uattacked1_0=0.0
attackOnY1_0=0.0
y1_0=0.0
r1_0=0.0
r_0=0.0
x1_1=-0.0010311188
x2_1=-0.0029988069
z1_1=0.0
z2_1=0.0
xabs1_1=0.0010311188
xabs2_1=0.0029988069
attackOnU1_1=0.0
u1_1=0.0
uattacked1_1=0.0
attackOnY1_1=0.0
y1_1=-0.0029988069
r1_1=-0.0029988069
r_1=0.0029988069
x1_2=-0.0003215025
x2_2=-0.0026542395
z1_2=0.0001169534
z2_2=-0.0013011823
xabs1_2=0.0003215025
xabs2_2=0.0026542395
attackOnU1_2=0.0
u1_2=0.0
uattacked1_2=0.0
attackOnY1_2=0.0
y1_2=-0.0026542395
r1_2=-0.0013530571
r_2=0.0013530571
x1_3=-2.15044e-05
x2_3=-0.0015843883
z1_3=0.0001644076
z2_3=-0.0010085458
xabs1_3=2.15044e-05
xabs2_3=0.0015843883
attackOnU1_3=0.0
u1_3=0.0
uattacked1_3=0.0
attackOnY1_3=0.0
y1_3=-0.0015843883
r1_3=-0.0005758424
r_3=0.0005758424
x1_4=6.29955e-05
x2_4=-0.0007252723
z1_4=0.0001418106
z2_4=-0.0004810928
xabs1_4=6.29955e-05
xabs2_4=0.0007252723
attackOnU1_4=0.0
u1_4=0.0
uattacked1_4=0.0
attackOnY1_4=0.0
y1_4=-0.0007252723
r1_4=-0.0002441795
r_4=0.0002441795
x1_5=6.12504e-05
x2_5=-0.000237755
z1_5=9.46628e-05
z2_5=-0.0001342377
xabs1_5=6.12504e-05
xabs2_5=0.000237755
attackOnU1_5=0.0
u1_5=2.84049e-05
uattacked1_5=2.84049e-05
attackOnY1_5=0.0
y1_5=-0.000237755
r1_5=-0.0001035172
r_5=0.0001035172
x1_6=3.97079e-05
x2_6=0.0001041388
z1_6=5.38724e-05
z2_6=0.0001480231
xabs1_6=3.97079e-05
xabs2_6=0.0001041388
attackOnU1_6=0.0
u1_6=2.84049e-05
uattacked1_6=2.84049e-05
attackOnY1_6=0.0
y1_6=0.0001041388
r1_6=-4.38843e-05
r_6=4.38843e-05
x1_7=1.44627e-05
x2_7=0.0002267665
z1_7=2.04675e-05
z2_7=0.0002453705
xabs1_7=1.44627e-05
xabs2_7=0.0002267665
attackOnU1_7=20.0002839272
u1_7=2.84049e-05
uattacked1_7=2.84049e-05
attackOnY1_7=6.6938e-06
y1_7=0.0002267665
r1_7=-1.8604e-05
r_7=1.8604e-05
x1_8=-2.3877e-06
x2_8=0.0002480825
z1_8=1.579e-07
z2_8=0.0002559693
xabs1_8=2.3877e-06
xabs2_8=0.0002480825
attackOnU1_8=-17.6931870069
u1_8=-3.6332e-05
uattacked1_8=20.0002475952
attackOnY1_8=-91.2152898522
y1_8=0.0002547763
r1_8=-1.193e-06
r_8=1.193e-06
x1_9=1.100001193
x2_9=91.2152353239
z1_9=-1.36048e-05
z2_9=-5.33352e-05
xabs1_9=1.100001193
xabs2_9=91.2152353239
attackOnU1_9=5.0980216595
u1_9=6.2308e-06
uattacked1_9=-17.693180776
attackOnY1_9=39.1170370569
y1_9=-5.45282e-05
r1_9=-1.193e-06
r_9=1.193e-06
x1_10=-4.6612821896
x2_10=-39.1170514322
z1_10=-3.2221e-06
z2_10=-1.31823e-05
xabs1_10=4.6612821896
xabs2_10=39.1170514322
attackOnU1_10=0.0
u1_10=1.5538e-06
uattacked1_10=5.0980232134
attackOnY1_10=0.0
y1_10=-1.43753e-05
r1_10=-1.193e-06
r_10=1.193e-06
x1_11=-0.002318342
x2_11=-4.596e-06
z1_11=-6.981e-07
z2_11=-3.403e-06
xabs1_11=0.002318342
xabs2_11=4.596e-06
attackOnU1_11=0.0
u1_11=4.143e-07
uattacked1_11=4.143e-07
attackOnY1_11=0.0
y1_11=-4.596e-06
r1_11=-1.193e-06
r_11=1.193e-06
x1_12=-0.0010314289
x2_12=-0.0029998363
z1_12=-8.54e-08
z2_12=-1.0293e-06
xabs1_12=0.0010314289
xabs2_12=0.0029998363
attackOnU1_12=0.0
u1_12=4.143e-07
uattacked1_12=4.143e-07
attackOnY1_12=0.0
y1_12=-0.0029998363
r1_12=-0.0029988069
r_12=0.0029988069
x1_13=-0.0003215705
x2_13=-0.0026532042
z1_13=0.0001169853
z2_13=-0.0012998565
xabs1_13=0.0003215705
xabs2_13=0.0026532042
attackOnU1_13=0.0
u1_13=4.143e-07
uattacked1_13=4.143e-07
attackOnY1_13=0.0
y1_13=-0.0026532042
r1_13=-0.0013533477
r_13=0.0013533477
attack on control signal component 1
[  0.           0.           0.           0.           0.
   0.           0.          20.00028393 -17.69318701   5.09802166
   0.           0.           0.           0.           0.        ]
attack on sensor 1
[ 0.00000000e+00  0.00000000e+00  0.00000000e+00  0.00000000e+00
  0.00000000e+00  0.00000000e+00  0.00000000e+00  6.69380000e-06
 -9.12152899e+01  3.91170371e+01  0.00000000e+00  0.00000000e+00
  0.00000000e+00  0.00000000e+00  0.00000000e+00]
