sat
x1_0=-0.0021700657
x2_0=-0.0004134305
z1_0=0.0
z2_0=0.0
xabs1_0=0.0021700657
xabs2_0=0.0004134305
attackOnU1_0=0.0
u1_0=0.0
uattacked1_0=0.0
attackOnY1_0=0.0
y1_0=0.0
r1_0=0.0
r_0=0.0
x1_1=-0.0009467441
x2_1=-0.0029898402
z1_1=0.0
z2_1=0.0
xabs1_1=0.0009467441
xabs2_1=0.0029898402
attackOnU1_1=0.0
u1_1=0.0
uattacked1_1=0.0
attackOnY1_1=0.0
y1_1=-0.0029898402
r1_1=-0.0029898402
r_1=0.0029898402
x1_2=-0.0002843664
x2_2=-0.0025411199
z1_2=0.0001166037
z2_2=-0.0012972916
xabs1_2=0.0002843664
xabs2_2=0.0025411199
attackOnU1_2=0.0
u1_2=0.0
uattacked1_2=0.0
attackOnY1_2=0.0
y1_2=-0.0025411199
r1_2=-0.0012438282
r_2=0.0012438282
x1_3=-1.01597e-05
x2_3=-0.0014865427
z1_3=0.0001598139
z2_3=-0.0009598912
xabs1_3=1.01597e-05
xabs2_3=0.0014865427
attackOnU1_3=19.9990381081
u1_3=0.0
uattacked1_3=0.0
attackOnY1_3=-0.0027665933
y1_3=-0.0014865427
r1_3=-0.0005266515
r_3=0.0005266515
x1_4=6.35625e-05
x2_4=-0.0006675218
z1_4=0.0001356196
z2_4=-0.0004442749
xabs1_4=6.35625e-05
xabs2_4=0.0006675218
attackOnU1_4=-17.7036364024
u1_4=7.64727e-05
uattacked1_4=19.9991145808
attackOnY1_4=-91.2137087237
y1_4=-0.0034341151
r1_4=-0.0029898402
r_4=0.0029898402
x1_5=1.1000101597
x2_5=91.2097502693
z1_5=0.0002015082
z2_5=-0.0009686142
xabs1_5=1.1000101597
xabs2_5=91.2097502693
attackOnU1_5=5.1027441025
u1_5=0.000157432
uattacked1_5=-17.7034789703
attackOnY1_5=39.1648044083
y1_5=-0.0039584544
r1_5=-0.0029898402
r_5=0.0029898402
x1_6=-4.6615933846
x2_6=-39.1664213259
z1_6=0.0002592962
z2_6=-0.0007449435
xabs1_6=4.6615933846
xabs2_6=39.1664213259
attackOnU1_6=0.0
u1_6=0.0001313745
uattacked1_6=5.102875477
attackOnY1_6=0.0
y1_6=-0.0016169176
r1_6=-0.000871974
r_6=0.000871974
x1_7=7.11918e-05
x2_7=-1.01597e-05
z1_7=0.0001907378
z2_7=0.0002283895
xabs1_7=7.11918e-05
xabs2_7=1.01597e-05
attackOnU1_7=0.0
u1_7=-1.36054e-05
uattacked1_7=-1.36054e-05
attackOnY1_7=0.0
y1_7=-1.01597e-05
r1_7=-0.0002385492
r_7=0.0002385492
x1_8=3.13973e-05
x2_8=2.55922e-05
z1_8=8.29732e-05
z2_8=0.0001817756
xabs1_8=3.13973e-05
xabs2_8=2.55922e-05
attackOnU1_8=0.0
u1_8=-1.36054e-05
uattacked1_8=-1.36054e-05
attackOnY1_8=0.0
y1_8=2.55922e-05
r1_8=-0.0001561834
r_8=0.0001561834
x1_9=1.20514e-05
x2_9=-1.01597e-05
z1_9=3.39406e-05
z2_9=5.75581e-05
xabs1_9=1.20514e-05
xabs2_9=1.01597e-05
attackOnU1_9=0.0
u1_9=-1.36054e-05
uattacked1_9=-1.36054e-05
attackOnY1_9=0.0
y1_9=-1.01597e-05
r1_9=-6.77179e-05
r_9=6.77179e-05
attack on control signal component 1
[  0.           0.           0.          19.99903811 -17.7036364
   5.1027441    0.           0.           0.           0.
   0.        ]
attack on sensor 1
[ 0.00000000e+00  0.00000000e+00  0.00000000e+00 -2.76659330e-03
 -9.12137087e+01  3.91648044e+01  0.00000000e+00  0.00000000e+00
  0.00000000e+00  0.00000000e+00  0.00000000e+00]
