sat
x1_0=-0.0001075719
x2_0=0.0002373637
z1_0=0.0
z2_0=0.0
xabs1_0=0.0001075719
xabs2_0=0.0002373637
attackOnU1_0=0.0
u1_0=0.0
uattacked1_0=0.0
attackOnY1_0=0.0
y1_0=0.0
r1_0=0.0
r_0=0.0
x1_1=-5.87407e-05
x2_1=-3.46998e-05
z1_1=0.0
z2_1=0.0
xabs1_1=5.87407e-05
xabs2_1=3.46998e-05
attackOnU1_1=0.0
u1_1=0.0
uattacked1_1=0.0
attackOnY1_1=0.0
y1_1=-3.46998e-05
r1_1=-3.46998e-05
r_1=3.46998e-05
x1_2=-2.45503e-05
x2_2=-9.12796e-05
z1_2=1.3532e-06
z2_2=-1.50562e-05
xabs1_2=2.45503e-05
xabs2_2=9.12796e-05
attackOnU1_2=0.0
u1_2=2.2715e-06
uattacked1_2=2.2715e-06
attackOnY1_2=0.0
y1_2=-9.12796e-05
r1_2=-7.62233e-05
r_2=7.62233e-05
x1_3=-6.6193e-06
x2_3=-6.15871e-05
z1_3=4.3894e-06
z2_3=-2.75901e-05
xabs1_3=6.6193e-06
xabs2_3=6.15871e-05
attackOnU1_3=0.0
u1_3=2.2715e-06
uattacked1_3=2.2715e-06
attackOnY1_3=0.0
y1_3=-6.15871e-05
r1_3=-3.39969e-05
r_3=3.39969e-05
x1_4=0.0
x2_4=-2.53155e-05
z1_4=4.6677e-06
z2_4=-1.0857e-05
xabs1_4=0.0
xabs2_4=2.53155e-05
attackOnU1_4=20.0000036468
u1_4=2.2715e-06
uattacked1_4=2.2715e-06
attackOnY1_4=5.3466e-06
y1_4=-2.53155e-05
r1_4=-1.44585e-05
r_4=1.44585e-05
x1_5=1.2843e-06
x2_5=-7.839e-07
z1_5=3.2632e-06
z2_5=5.3466e-06
xabs1_5=1.2843e-06
xabs2_5=7.839e-07
attackOnU1_5=0.0
u1_5=-4.371e-07
uattacked1_5=20.0000032096
attackOnY1_5=-91.2140124971
y1_5=4.5627e-06
r1_5=-7.839e-07
r_5=7.839e-07
x1_6=1.1000007839
x2_6=91.2140159551
z1_6=1.2137e-06
z2_6=4.242e-06
xabs1_6=1.1000007839
xabs2_6=91.2140159551
attackOnU1_6=-28.272659466
u1_6=-4.371e-07
uattacked1_6=20.0000032096
attackOnY1_6=-132.792713588
y1_6=3.458e-06
r1_6=-7.839e-07
r_6=7.839e-07
x1_7=-2.5881014053
x2_7=132.789715476
z1_7=3.523e-07
z2_7=1.1039e-06
xabs1_7=2.5881014053
xabs2_7=132.789715476
attackOnU1_7=9.6200287048
u1_7=-1.219e-07
uattacked1_7=-28.272659588
attackOnY1_7=73.8357738524
y1_7=-0.002998112
r1_7=-0.002999216
r_7=0.002999216
x1_8=-8.7884703715
x2_8=-73.8378302389
z1_8=0.0001170689
z2_8=-0.0013009742
xabs1_8=8.7884703715
xabs2_8=73.8378302389
attackOnU1_8=0.0
u1_8=0.000196293
uattacked1_8=9.6202249978
attackOnY1_8=0.0
y1_8=-0.0020563865
r1_8=-0.0007554122
r_8=0.0007554122
x1_9=1.56844e-05
x2_9=0.0001454629
z1_9=0.0001519375
z2_9=0.0001462469
xabs1_9=1.56844e-05
xabs2_9=0.0001454629
attackOnU1_9=0.0
u1_9=-5.7708e-06
uattacked1_9=-5.7708e-06
attackOnY1_9=0.0
y1_9=0.0001454629
r1_9=-7.839e-07
r_9=7.839e-07
x1_10=0.0
x2_10=5.80079e-05
z1_10=6.06272e-05
z2_10=0.0002343106
xabs1_10=0.0
xabs2_10=5.80079e-05
attackOnU1_10=0.0
u1_10=-5.7708e-06
uattacked1_10=-5.7708e-06
attackOnY1_10=0.0
y1_10=5.80079e-05
r1_10=-0.0001763027
r_10=0.0001763027
x1_11=-2.9741e-06
x2_11=-7.839e-07
z1_11=2.28061e-05
z2_11=7.87723e-05
xabs1_11=2.9741e-06
xabs2_11=7.839e-07
attackOnU1_11=0.0
u1_11=-5.7708e-06
uattacked1_11=-5.7708e-06
attackOnY1_11=0.0
y1_11=-7.839e-07
r1_11=-7.95563e-05
r_11=7.95563e-05
attack on control signal component 1
[  0.           0.           0.           0.          20.00000365
   0.         -28.27265947   9.6200287    0.           0.
   0.           0.           0.        ]
attack on sensor 1
[ 0.00000000e+00  0.00000000e+00  0.00000000e+00  0.00000000e+00
  5.34660000e-06 -9.12140125e+01 -1.32792714e+02  7.38357739e+01
  0.00000000e+00  0.00000000e+00  0.00000000e+00  0.00000000e+00
  0.00000000e+00]
