sat
x1_0=-9e-10
x2_0=8.3e-09
z1_0=0.0
z2_0=0.0
xabs1_0=9e-10
xabs2_0=8.3e-09
attackOnU1_0=0.0
u1_0=0.0
uattacked1_0=0.0
attackOnY1_0=0.0
y1_0=0.0
r1_0=0.0
r_0=0.0
x1_1=-8e-10
x2_1=2.4e-09
z1_1=0.0
z2_1=0.0
xabs1_1=8e-10
xabs2_1=2.4e-09
attackOnU1_1=0.0
u1_1=0.0
uattacked1_1=0.0
attackOnY1_1=0.0
y1_1=2.4e-09
r1_1=2.4e-09
r_1=2.4e-09
x1_2=-4e-10
x2_2=-0.0
z1_2=-0.0
z2_2=1e-09
xabs1_2=4e-10
xabs2_2=0.0
attackOnU1_2=0.0
u1_2=0.0
uattacked1_2=0.0
attackOnY1_2=0.0
y1_2=-0.0
r1_2=-1e-09
r_2=1e-09
x1_3=-2e-10
x2_3=-6e-10
z1_3=-0.0
z2_3=-1e-10
xabs1_3=2e-10
xabs2_3=6e-10
attackOnU1_3=0.0
u1_3=0.0
uattacked1_3=0.0
attackOnY1_3=0.0
y1_3=-6e-10
r1_3=-5e-10
r_3=5e-10
x1_4=-0.0
x2_4=-5e-10
z1_4=0.0
z2_4=-3e-10
xabs1_4=0.0
xabs2_4=5e-10
attackOnU1_4=59.4042953481
u1_4=0.0
uattacked1_4=0.0
attackOnY1_4=0.0
y1_4=-5e-10
r1_4=-2e-10
r_4=2e-10
x1_5=-0.0
x2_5=-3e-10
z1_5=0.0
z2_5=-2e-10
xabs1_5=0.0
xabs2_5=3e-10
attackOnU1_5=-31.4913803783
u1_5=0.0
uattacked1_5=59.4042953481
attackOnY1_5=-270.928169794
y1_5=-2e-10
r1_5=-0.0
r_5=0.0
x1_6=3.2672362441
x2_6=270.925169794
z1_6=0.0
z2_6=0.0
xabs1_6=3.2672362441
xabs2_6=270.925169794
attackOnU1_6=1.204119642
u1_6=-0.0
uattacked1_6=-31.4913803783
attackOnY1_6=20.1327000716
y1_6=-0.0029999999
r1_6=-0.0029999999
r_6=0.0029999999
x1_7=-12.6864785687
x2_7=-20.1340017716
z1_7=0.000117
z2_7=-0.0013016999
xabs1_7=12.6864785687
xabs2_7=20.1340017716
attackOnU1_7=0.0
u1_7=0.0001963892
uattacked1_7=1.2043160313
attackOnY1_7=19.7859721264
y1_7=-0.0013016999
r1_7=-0.0
r_7=0.0
x1_8=-4.6571083002
x2_8=-19.7854980757
z1_8=0.0001224842
z2_8=0.0004740506
xabs1_8=4.6571083002
xabs2_8=19.7854980757
attackOnU1_8=0.0
u1_8=0.0001963892
uattacked1_8=1.2043160313
attackOnY1_8=9.2418619839
y1_8=0.0004740506
r1_8=-0.0
r_8=0.0
x1_9=-1.1
x2_9=-9.2428845584
z1_9=4.35953e-05
z2_9=0.0012628321
xabs1_9=1.1
xabs2_9=9.2428845584
attackOnU1_9=0.0
u1_9=0.0001963892
uattacked1_9=1.2043160313
attackOnY1_9=0.0
y1_9=-0.0010225744
r1_9=-0.0022854066
r_9=0.0022854066
x1_10=6.14944e-05
x2_10=0.0005163415
z1_10=6.14945e-05
z2_10=0.0005163415
xabs1_10=6.14944e-05
xabs2_10=0.0005163415
attackOnU1_10=0.0
u1_10=-6.72509e-05
uattacked1_10=-6.72509e-05
attackOnY1_10=0.0
y1_10=0.0005163415
r1_10=-0.0
r_10=0.0
x1_11=1.78e-08
x2_11=1.496e-07
z1_11=1.78e-08
z2_11=1.496e-07
xabs1_11=1.78e-08
xabs2_11=1.496e-07
attackOnU1_11=0.0
u1_11=-1.94e-08
uattacked1_11=-1.94e-08
attackOnY1_11=0.0
y1_11=1.496e-07
r1_11=-0.0
r_11=0.0
x1_12=-0.0
x2_12=0.0
z1_12=-0.0
z2_12=0.0
xabs1_12=0.0
xabs2_12=0.0
attackOnU1_12=0.0
u1_12=-1.94e-08
uattacked1_12=-1.94e-08
attackOnY1_12=0.0
y1_12=0.0
r1_12=-0.0
r_12=0.0
attack on control signal component 1
[  0.           0.           0.           0.          59.40429535
 -31.49138038   1.20411964   0.           0.           0.
   0.           0.           0.           0.        ]
attack on sensor 1
[   0.            0.            0.            0.            0.
 -270.92816979   20.13270007   19.78597213    9.24186198    0.
    0.            0.            0.            0.        ]
