sat
x1_0=-0.0018908198
x2_0=-0.0012573102
z1_0=0.0
z2_0=0.0
xabs1_0=0.0018908198
xabs2_0=0.0012573102
attackOnU1_0=0.0
u1_0=0.0
uattacked1_0=0.0
attackOnY1_0=0.0
y1_0=0.0
r1_0=0.0
r_0=0.0
x1_1=-0.00078383
x2_1=-0.0029999998
z1_1=0.0
z2_1=0.0
xabs1_1=0.00078383
xabs2_1=0.0029999998
attackOnU1_1=0.0
u1_1=0.0
uattacked1_1=0.0
attackOnY1_1=0.0
y1_1=-0.0029999998
r1_1=-0.0029999998
r_1=0.0029999998
x1_2=-0.0002114043
x2_2=-0.0023347976
z1_2=0.0001169999
z2_2=-0.0013016999
xabs1_2=0.0002114043
xabs2_2=0.0023347976
attackOnU1_2=0.0
u1_2=0.0
uattacked1_2=0.0
attackOnY1_2=0.0
y1_2=-0.0023347976
r1_2=-0.0010330976
r_2=0.0010330976
x1_3=1.28587e-05
x2_3=-0.001301314
z1_3=0.0001519736
z2_3=-0.0008698831
xabs1_3=1.28587e-05
xabs2_3=0.001301314
attackOnU1_3=0.0
u1_3=0.0
uattacked1_3=0.0
attackOnY1_3=0.0
y1_3=-0.001301314
r1_3=-0.0004314309
r_3=0.0004314309
x1_4=6.53223e-05
x2_4=-0.0005562004
z1_4=0.0001242947
z2_4=-0.0003734816
xabs1_4=6.53223e-05
xabs2_4=0.0005562004
attackOnU1_4=0.0
u1_4=0.0
uattacked1_4=0.0
attackOnY1_4=0.0
y1_4=-0.0005562004
r1_4=-0.0001827187
r_4=0.0001827187
x1_5=5.45424e-05
x2_5=-0.0001603188
z1_5=7.95426e-05
z2_5=-8.28633e-05
xabs1_5=5.45424e-05
xabs2_5=0.0001603188
attackOnU1_5=19.9997447133
u1_5=0.0
uattacked1_5=0.0
attackOnY1_5=3.28356e-05
y1_5=-0.0001603188
r1_5=-7.74555e-05
r_5=7.74555e-05
x1_6=3.16139e-05
x2_6=0.0
z1_6=4.22123e-05
z2_6=3.28358e-05
xabs1_6=3.16139e-05
xabs2_6=0.0
attackOnU1_6=-17.7043948591
u1_6=-4.963e-07
uattacked1_6=19.999744217
attackOnY1_6=-91.2158075465
y1_6=3.28356e-05
r1_6=-1e-10
r_6=1e-10
x1_7=1.1000000001
x2_7=91.2128743559
z1_7=1.72533e-05
z2_7=6.68092e-05
xabs1_7=1.1000000001
xabs2_7=91.2128743559
attackOnU1_7=5.1031440284
u1_7=-7.784e-06
uattacked1_7=-17.7044026431
attackOnY1_7=39.1676844727
y1_7=-0.0029331905
r1_7=-0.0029999998
r_7=0.0029999998
x1_8=-4.6617917908
x2_8=-39.1692718428
z1_8=0.0001211897
z2_8=-0.0012854669
xabs1_8=4.6617917908
xabs2_8=39.1692718428
attackOnU1_8=0.0
u1_8=0.0001944977
uattacked1_8=5.1033385261
attackOnY1_8=0.0
y1_8=-0.0015873701
r1_8=-0.0003019032
r_8=0.0003019032
x1_9=0.0001389224
x2_9=0.0005901529
z1_9=0.0001352754
z2_9=0.0003469948
xabs1_9=0.0001389224
xabs2_9=0.0005901529
attackOnU1_9=0.0
u1_9=-3.59215e-05
uattacked1_9=-3.59215e-05
attackOnY1_9=0.0
y1_9=0.0005901529
r1_9=0.000243158
r_9=0.000243158
x1_10=3.28157e-05
x2_10=0.0002757094
z1_10=3.28463e-05
z2_10=0.0002694587
xabs1_10=3.28157e-05
xabs2_10=0.0002757094
attackOnU1_10=0.0
u1_10=-3.59215e-05
uattacked1_10=-3.59215e-05
attackOnY1_10=0.0
y1_10=0.0002757094
r1_10=6.2507e-06
r_10=6.2507e-06
x1_11=-1e-10
x2_11=0.0
z1_11=5.59e-08
z2_11=2e-10
xabs1_11=1e-10
xabs2_11=0.0
attackOnU1_11=0.0
u1_11=5.4e-09
uattacked1_11=5.4e-09
attackOnY1_11=0.0
y1_11=0.0
r1_11=-1e-10
r_11=1e-10
attack on control signal component 1
[  0.           0.           0.           0.           0.
  19.99974471 -17.70439486   5.10314403   0.           0.
   0.           0.           0.        ]
attack on sensor 1
[ 0.00000000e+00  0.00000000e+00  0.00000000e+00  0.00000000e+00
  0.00000000e+00  3.28356000e-05 -9.12158075e+01  3.91676845e+01
  0.00000000e+00  0.00000000e+00  0.00000000e+00  0.00000000e+00
  0.00000000e+00]
