sat
x1_0=-1.09763e-05
x2_0=3.98863e-05
z1_0=0.0
z2_0=0.0
xabs1_0=1.09763e-05
xabs2_0=3.98863e-05
attackOnU1_0=59.3894120037
u1_0=0.0
uattacked1_0=0.0
attackOnY1_0=-0.0029966443
y1_0=0.0
r1_0=0.0
r_0=0.0
x1_1=-6.7112e-06
x2_1=3.3556e-06
z1_1=0.0
z2_1=0.0
xabs1_1=6.7112e-06
xabs2_1=3.3556e-06
attackOnU1_1=-31.4819754117
u1_1=0.0
uattacked1_1=59.3894120037
attackOnY1_1=-270.858589618
y1_1=-0.0029932887
r1_1=-0.0029932887
r_1=0.0029932887
x1_2=3.2664145199
x2_2=270.857284119
z1_2=0.0001167382
z2_2=-0.0012987879
xabs1_2=3.2664145199
xabs2_2=270.857284119
attackOnU1_2=1.203907869
u1_2=0.0001959499
uattacked1_2=-31.4817794617
attackOnY1_2=20.1216247415
y1_2=-0.0013054992
r1_2=-6.7112e-06
r_2=6.7112e-06
x1_3=-12.6832070216
x2_3=-20.1211613747
z1_3=0.000122472
z2_3=0.0004700781
xabs1_3=12.6832070216
xabs2_3=20.1211613747
attackOnU1_3=0.0
u1_3=-5.46631e-05
uattacked1_3=1.2038532059
attackOnY1_3=19.7778299555
y1_3=0.0004633668
r1_3=-6.7112e-06
r_3=6.7112e-06
x1_4=-4.6562660073
x2_4=-19.7777234859
z1_4=3.02257e-05
z2_4=0.0001131808
xabs1_4=4.6562660073
xabs2_4=19.7777234859
attackOnU1_4=0.0
u1_4=-5.46631e-05
uattacked1_4=1.2038532059
attackOnY1_4=9.2403131548
y1_4=0.0001064695
r1_4=-6.7112e-06
r_4=6.7112e-06
x1_5=-1.1000067112
x2_5=-9.2404831488
z1_5=5.522e-06
z2_5=-0.0001632827
xabs1_5=1.1000067112
xabs2_5=9.2404831488
attackOnU1_5=0.0
u1_5=-5.46631e-05
uattacked1_5=1.2038532059
attackOnY1_5=0.0
y1_5=-0.000169994
r1_5=-6.7112e-06
r_5=6.7112e-06
x1_6=-7.69319e-05
x2_6=-0.0005460493
z1_6=7.1909e-06
z2_6=-0.0003169461
xabs1_6=7.69319e-05
xabs2_6=0.0005460493
attackOnU1_6=0.0
u1_6=4.5716e-05
uattacked1_6=4.5716e-05
attackOnY1_6=0.0
y1_6=-0.0005460493
r1_6=-0.0002291031
r_6=0.0002291031
x1_7=-6.7112e-06
x2_7=-0.0001314157
z1_7=2.91655e-05
z2_7=-2.11258e-05
xabs1_7=6.7112e-06
xabs2_7=0.0001314157
attackOnU1_7=0.0
u1_7=5.8785e-06
uattacked1_7=5.8785e-06
attackOnY1_7=0.0
y1_7=-0.0001314157
r1_7=-0.0001102899
r_7=0.0001102899
x1_8=3.3556e-06
x2_8=-3.97228e-05
z1_8=1.85708e-05
z2_8=7.3929e-06
xabs1_8=3.3556e-06
xabs2_8=3.97228e-05
attackOnU1_8=0.0
u1_8=7.831e-07
uattacked1_8=7.831e-07
attackOnY1_8=0.0
y1_8=-3.97228e-05
r1_8=-4.71158e-05
r_8=4.71158e-05
attack on control signal component 1
[ 59.389412   -31.48197541   1.20390787   0.           0.
   0.           0.           0.           0.           0.        ]
attack on sensor 1
[-2.99664430e-03 -2.70858590e+02  2.01216247e+01  1.97778300e+01
  9.24031315e+00  0.00000000e+00  0.00000000e+00  0.00000000e+00
  0.00000000e+00  0.00000000e+00]
