sat
x1_0=-0.0017645147
x2_0=-0.0015968133
z1_0=0.0
z2_0=0.0
xabs1_0=0.0017645147
xabs2_0=0.0015968133
attackOnU1_0=0.0
u1_0=0.0
uattacked1_0=0.0
attackOnY1_0=0.0
y1_0=0.0
r1_0=0.0
r_0=0.0
x1_1=-0.0007120749
x2_1=-0.0029860228
z1_1=0.0
z2_1=0.0
xabs1_1=0.0007120749
xabs2_1=0.0029860228
attackOnU1_1=0.0
u1_1=0.0
uattacked1_1=0.0
attackOnY1_1=0.0
y1_1=-0.0029860228
r1_1=-0.0029860228
r_1=0.0029860228
x1_2=-0.0001801135
x2_2=-0.002235801
z1_2=0.0001164548
z2_2=-0.0012956353
xabs1_2=0.0001801135
xabs2_2=0.002235801
attackOnU1_2=0.0
u1_2=0.0
uattacked1_2=0.0
attackOnY1_2=0.0
y1_2=-0.002235801
r1_2=-0.0009401657
r_2=0.0009401657
x1_3=2.22491e-05
x2_3=-0.0012172485
z1_3=0.0001478289
z2_3=-0.0008275956
xabs1_3=2.22491e-05
xabs2_3=0.0012172485
attackOnU1_3=0.0
u1_3=0.0
uattacked1_3=0.0
attackOnY1_3=0.0
y1_3=-0.0012172485
r1_3=-0.0003896529
r_3=0.0003896529
x1_4=6.56508e-05
x2_4=-0.0005070446
z1_4=0.0001188842
z2_4=-0.000342102
xabs1_4=6.56508e-05
xabs2_4=0.0005070446
attackOnU1_4=0.0
u1_4=0.0
uattacked1_4=0.0
attackOnY1_4=0.0
y1_4=-0.0005070446
r1_4=-0.0001649425
r_4=0.0001649425
x1_5=5.24372e-05
x2_5=-0.0001382553
z1_5=7.50045e-05
z2_5=-6.83375e-05
xabs1_5=5.24372e-05
xabs2_5=0.0001382553
attackOnU1_5=-20.0004870119
u1_5=0.0
uattacked1_5=0.0
attackOnY1_5=1.5663e-05
y1_5=-0.0001382553
r1_5=-6.99178e-05
r_5=6.99178e-05
x1_6=2.96666e-05
x2_6=6.9885e-06
z1_6=3.92336e-05
z2_6=3.66288e-05
xabs1_6=2.96666e-05
xabs2_6=6.9885e-06
attackOnU1_6=5.6061598317
u1_6=-1.3289e-06
uattacked1_6=-20.0004883408
attackOnY1_6=91.213254454
y1_6=2.26516e-05
r1_6=-1.39771e-05
r_6=1.39771e-05
x1_7=-1.1000139771
x2_7=-91.216185714
z1_7=1.62534e-05
z2_7=5.47629e-05
xabs1_7=1.1000139771
xabs2_7=91.216185714
attackOnU1_7=0.0
u1_7=-6.1721e-06
uattacked1_7=5.6061536595
attackOnY1_7=16.0044233705
y1_7=-0.0029312599
r1_7=-0.0029860228
r_7=0.0029860228
x1_8=3.9965335371
x2_8=-16.008688041
z1_8=0.00012084
z2_8=-0.0012786476
xabs1_8=3.9965335371
xabs2_8=16.008688041
attackOnU1_8=-3.0874173373
u1_8=-6.1721e-06
uattacked1_8=5.6061536595
attackOnY1_8=-23.6967915764
y1_8=-0.0042646704
r1_8=-0.0029860228
r_8=0.0029860228
x1_9=2.8199937875
x2_9=23.6920752633
z1_9=0.0002284513
z2_9=-0.0017302902
xabs1_9=2.8199937875
xabs2_9=23.6920752633
attackOnU1_9=0.0
u1_9=0.0002682493
uattacked1_9=-3.087149088
attackOnY1_9=0.0
y1_9=-0.0047163131
r1_9=-0.0029860228
r_9=0.0029860228
x1_10=6.9885e-06
x2_10=-0.001519353
z1_10=0.0003121167
z2_10=-0.000538311
xabs1_10=6.9885e-06
xabs2_10=0.001519353
attackOnU1_10=0.0
u1_10=0.000107246
uattacked1_10=0.000107246
attackOnY1_10=0.0
y1_10=-0.001519353
r1_10=-0.0009810419
r_10=0.0009810419
x1_11=7.85948e-05
x2_11=-0.0001706594
z1_11=0.0002077057
z2_11=0.0002303264
xabs1_11=7.85948e-05
xabs2_11=0.0001706594
attackOnU1_11=0.0
u1_11=-1.22057e-05
uattacked1_11=-1.22057e-05
attackOnY1_11=0.0
y1_11=-0.0001706594
r1_11=-0.0004009858
r_11=0.0004009858
x1_12=4.21195e-05
x2_12=-2.90974e-05
z1_12=9.68472e-05
z2_12=0.0001404854
xabs1_12=4.21195e-05
xabs2_12=2.90974e-05
attackOnU1_12=0.0
u1_12=-1.22057e-05
uattacked1_12=-1.22057e-05
attackOnY1_12=0.0
y1_12=-2.90974e-05
r1_12=-0.0001695828
r_12=0.0001695828
attack on control signal component 1
[  0.           0.           0.           0.           0.
 -20.00048701   5.60615983   0.          -3.08741734   0.
   0.           0.           0.           0.        ]
attack on sensor 1
[ 0.00000000e+00  0.00000000e+00  0.00000000e+00  0.00000000e+00
  0.00000000e+00  1.56630000e-05  9.12132545e+01  1.60044234e+01
 -2.36967916e+01  0.00000000e+00  0.00000000e+00  0.00000000e+00
  0.00000000e+00  0.00000000e+00]
