sat
x1_0=-0.0023069812
x2_0=-1.04131e-05
z1_0=0.0
z2_0=0.0
xabs1_0=0.0023069812
xabs2_0=1.04131e-05
attackOnU1_0=0.0
u1_0=0.0
uattacked1_0=0.0
attackOnY1_0=0.0
y1_0=0.0
r1_0=0.0
r_0=0.0
x1_1=-0.0010261297
x2_1=-0.0029895868
z1_1=0.0
z2_1=0.0
xabs1_1=0.0010261297
xabs2_1=0.0029895868
attackOnU1_1=0.0
u1_1=0.0
uattacked1_1=0.0
attackOnY1_1=0.0
y1_1=-0.0029895868
r1_1=-0.0029895868
r_1=0.0029895868
x1_2=-0.0003197046
x2_2=-0.0026437254
z1_2=0.0001165938
z2_2=-0.0012971817
xabs1_2=0.0003197046
xabs2_2=0.0026437254
attackOnU1_2=0.0
u1_2=0.0
uattacked1_2=0.0
attackOnY1_2=0.0
y1_2=-0.0026437254
r1_2=-0.0013465436
r_2=0.0013465436
x1_3=-2.11859e-05
x2_3=-0.0015774337
z1_3=0.0001638104
z2_3=-0.0010044238
xabs1_3=2.11859e-05
xabs2_3=0.0015774337
attackOnU1_3=0.0
u1_3=0.0
uattacked1_3=0.0
attackOnY1_3=0.0
y1_3=-0.0015774337
r1_3=-0.0005730099
r_3=0.0005730099
x1_4=6.28187e-05
x2_4=-0.0007217988
z1_4=0.0001412456
z2_4=-0.000478822
xabs1_4=6.28187e-05
xabs2_4=0.0007217988
attackOnU1_4=19.9994705256
u1_4=0.0
uattacked1_4=0.0
attackOnY1_4=-0.0028865795
y1_4=-0.0007217988
r1_4=-0.0002429767
r_4=0.0002429767
x1_5=6.10127e-05
x2_5=-0.0002364547
z1_5=9.42604e-05
z2_5=-0.0001334473
xabs1_5=6.10127e-05
xabs2_5=0.0002364547
attackOnU1_5=0.0
u1_5=2.8253e-05
uattacked1_5=19.9994987786
attackOnY1_5=-91.2157836317
y1_5=-0.0031230342
r1_5=-0.0029895868
r_5=0.0029895868
x1_6=1.1000104131
x2_6=91.2116889367
z1_6=0.0001662055
z2_6=-0.001105108
xabs1_6=1.1000104131
xabs2_6=91.2116889367
attackOnU1_6=-28.2711091127
u1_6=2.8253e-05
uattacked1_6=19.9994987786
attackOnY1_6=-132.790832353
y1_6=-0.0040946949
r1_6=-0.0029895868
r_6=0.0029895868
x1_7=-2.5880182866
x2_7=132.786403023
z1_7=0.0002427232
z2_7=-0.0014397432
xabs1_7=2.5880182866
xabs2_7=132.786403023
attackOnU1_7=9.619228921
u1_7=0.0002284003
uattacked1_7=-28.2708807124
attackOnY1_7=73.8290464547
y1_7=-0.0044293301
r1_7=-0.0029895868
r_7=0.0029895868
x1_8=-8.7881838352
x2_8=-73.8310679153
z1_8=0.0003031079
z2_8=-0.0005752317
xabs1_8=8.7881838352
xabs2_8=73.8310679153
attackOnU1_8=0.0
u1_8=0.0001115996
uattacked1_8=9.6193405207
attackOnY1_8=0.0
y1_8=-0.0020214605
r1_8=-0.0014462288
r_8=0.0014462288
x1_9=-0.0002151675
x2_9=-0.0005408478
z1_9=0.0002237695
z2_9=2.04283e-05
xabs1_9=0.0002151675
xabs2_9=0.0005408478
attackOnU1_9=0.0
u1_9=1.91852e-05
uattacked1_9=1.91852e-05
attackOnY1_9=0.0
y1_9=-0.0005408478
r1_9=-0.0005612762
r_9=0.0005612762
x1_10=-6.99235e-05
x2_10=-0.0004289883
z1_10=0.0001215868
z2_10=0.0001424883
xabs1_10=6.99235e-05
xabs2_10=0.0004289883
attackOnU1_10=0.0
u1_10=1.91852e-05
uattacked1_10=1.91852e-05
attackOnY1_10=0.0
y1_10=-0.0004289883
r1_10=-0.0005714767
r_10=0.0005714767
x1_11=-1.04131e-05
x2_11=-0.0001918166
z1_11=7.09229e-05
z2_11=5.95788e-05
xabs1_11=1.04131e-05
xabs2_11=0.0001918166
attackOnU1_11=0.0
u1_11=1.91852e-05
uattacked1_11=1.91852e-05
attackOnY1_11=0.0
y1_11=-0.0001918166
r1_11=-0.0002513955
r_11=0.0002513955
attack on control signal component 1
[  0.           0.           0.           0.          19.99947053
   0.         -28.27110911   9.61922892   0.           0.
   0.           0.           0.        ]
attack on sensor 1
[ 0.00000000e+00  0.00000000e+00  0.00000000e+00  0.00000000e+00
 -2.88657950e-03 -9.12157836e+01 -1.32790832e+02  7.38290465e+01
  0.00000000e+00  0.00000000e+00  0.00000000e+00  0.00000000e+00
  0.00000000e+00]
