sat
x1_0=-0.01
x2_0=-0.0004693406
z1_0=0.0
z2_0=0.0
xabs1_0=0.01
xabs2_0=0.0004693406
attackOnU1_0=0.1139082407
u1_0=0.0
uattacked1_0=0.0
attackOnY1_0=-0.0880120033
y1_0=0.0
r1_0=0.0
r_0=0.0
x1_1=-0.0074575768
x2_1=-0.0084302363
z1_1=0.0
z2_1=0.0
xabs1_1=0.0074575768
xabs2_1=0.0084302363
attackOnU1_1=0.0
u1_1=0.0
uattacked1_1=0.1139082407
attackOnY1_1=0.0
y1_1=-0.0964422397
r1_1=-0.0964422397
r_1=0.0964422397
x1_2=0.0037252542
x2_2=0.2370457321
z1_2=0.000347192
z2_2=-0.0624849271
xabs1_2=0.0037252542
xabs2_2=0.2370457321
attackOnU1_2=0.0
u1_2=0.024740022
uattacked1_2=0.024740022
attackOnY1_2=0.0
y1_2=0.2370457321
r1_2=0.2995306593
r_2=0.2995306593
x1_3=-0.0020295387
x2_3=0.2335520155
z1_3=0.0029349774
z2_3=0.202007354
xabs1_3=0.0020295387
xabs2_3=0.2335520155
attackOnU1_3=0.0
u1_3=-0.0786413816
uattacked1_3=-0.0786413816
attackOnY1_3=0.0
y1_3=0.2335520155
r1_3=0.0315446614
r_3=0.0315446614
x1_4=-0.0144478458
x2_4=0.0
z1_4=-0.0099502392
z2_4=0.0009772291
xabs1_4=0.0144478458
xabs2_4=0.0
attackOnU1_4=0.0
u1_4=-0.003672685
uattacked1_4=-0.003672685
attackOnY1_4=0.0
y1_4=0.0
r1_4=-0.0009772291
r_4=0.0009772291
attack on control signal component 1
[0.11390824 0.         0.         0.         0.         0.        ]
attack on sensor 1
[-0.088012  0.        0.        0.        0.        0.      ]
