sat
x1_0=-0.1
x2_0=-4.0118e-06
z1_0=0.0
z2_0=0.0
xabs1_0=0.1
xabs2_0=4.0118e-06
attackOnU1_0=-19.7477770276
u1_0=0.0
uattacked1_0=0.0
attackOnY1_0=0.1263957778
y1_0=0.0
r1_0=0.0
r_0=0.0
x1_1=-0.0444998162
x2_1=-0.129391766
z1_1=0.0
z2_1=0.0
xabs1_1=0.0444998162
xabs2_1=0.129391766
attackOnU1_1=0.0
u1_1=0.0
uattacked1_1=-19.7477770276
attackOnY1_1=90.1769253042
y1_1=-0.0029959881
r1_1=-0.0029959881
r_1=0.0029959881
x1_2=-1.1000040118
x2_2=-90.1782232576
z1_2=0.0001168435
z2_2=-0.0012999592
xabs1_2=1.1000040118
xabs2_2=90.1782232576
attackOnU1_2=27.9294926114
u1_2=0.0
uattacked1_2=-19.7477770276
attackOnY1_2=131.180019583
y1_2=-0.0012979533
r1_2=2.0059e-06
r_2=2.0059e-06
x1_3=2.5545331033
x2_3=-131.183435759
z1_3=0.0001114552
z2_3=-0.0004201878
xabs1_3=2.5545331033
xabs2_3=131.183435759
attackOnU1_3=-9.5029174942
u1_3=7.06673e-05
uattacked1_3=27.9295632787
attackOnY1_3=-72.9389745782
y1_3=-0.0034161759
r1_3=-0.0029959881
r_3=0.0029959881
x1_4=8.6810945691
x2_4=72.9367212069
z1_4=0.0001895724
z2_4=-0.0010184215
xabs1_4=8.6810945691
xabs2_4=72.9367212069
attackOnU1_4=0.0
u1_4=0.0001633266
uattacked1_4=-9.5027541676
attackOnY1_4=0.0
y1_4=-0.0022533713
r1_4=-0.0012349497
r_4=0.0012349497
x1_5=-6.62272e-05
x2_5=2.0059e-06
z1_5=0.0001881494
z2_5=6.0178e-06
xabs1_5=6.62272e-05
xabs2_5=2.0059e-06
attackOnU1_5=0.0
u1_5=1.77158e-05
uattacked1_5=1.77158e-05
attackOnY1_5=0.0
y1_5=2.0059e-06
r1_5=-4.0118e-06
r_5=4.0118e-06
x1_6=-2.85886e-05
x2_6=-4.0118e-06
z1_6=8.45817e-05
z2_6=0.0003251514
xabs1_6=2.85886e-05
xabs2_6=4.0118e-06
attackOnU1_6=0.0
u1_6=1.77158e-05
uattacked1_6=1.77158e-05
attackOnY1_6=0.0
y1_6=-4.0118e-06
r1_6=-0.0003291632
r_6=0.0003291632
x1_7=-1.15638e-05
x2_7=4.20397e-05
z1_7=3.65586e-05
z2_7=0.0001905445
xabs1_7=1.15638e-05
xabs2_7=4.20397e-05
attackOnU1_7=0.0
u1_7=-2.34489e-05
uattacked1_7=-2.34489e-05
attackOnY1_7=0.0
y1_7=4.20397e-05
r1_7=-0.0001485048
r_7=0.0001485048
attack on control signal component 1
[-19.74777703   0.          27.92949261  -9.50291749   0.
   0.           0.           0.           0.        ]
attack on sensor 1
[ 1.26395778e-01  9.01769253e+01  1.31180020e+02 -7.29389746e+01
  0.00000000e+00  0.00000000e+00  0.00000000e+00  0.00000000e+00
  0.00000000e+00]
