sat
x1_0=-0.0039985365
x2_0=0.0117499388
z1_0=0.0
z2_0=0.0
xabs1_0=0.0039985365
xabs2_0=0.0117499388
attackOnU1_0=0.0
u1_0=0.0
uattacked1_0=0.0
attackOnY1_0=0.0
y1_0=0.0
r1_0=0.0
r_0=0.0
x1_1=-0.0023174959
x2_1=-1.3832e-06
z1_1=0.0
z2_1=0.0
xabs1_1=0.0023174959
xabs2_1=1.3832e-06
attackOnU1_1=0.0
u1_1=0.0
uattacked1_1=0.0
attackOnY1_1=0.0
y1_1=-1.3832e-06
r1_1=-1.3832e-06
r_1=1.3832e-06
x1_2=-0.0010312223
x2_2=-0.0029992169
z1_2=5.39e-08
z2_2=-6.002e-07
xabs1_2=0.0010312223
xabs2_2=0.0029992169
attackOnU1_2=0.0
u1_2=0.0
uattacked1_2=0.0
attackOnY1_2=0.0
y1_2=-0.0029992169
r1_2=-0.0029986167
r_2=0.0029986167
x1_3=-0.0003215298
x2_3=-0.0026545538
z1_3=0.0001169975
z2_3=-0.0013012942
xabs1_3=0.0003215298
xabs2_3=0.0026545538
attackOnU1_3=0.0
u1_3=0.0
uattacked1_3=0.0
attackOnY1_3=0.0
y1_3=-0.0026545538
r1_3=-0.0013532596
r_3=0.0013532596
x1_4=-2.15021e-05
x2_4=-0.001584562
z1_4=0.0001644403
z2_4=-0.0010086259
xabs1_4=2.15021e-05
xabs2_4=0.001584562
attackOnU1_4=19.998829053
u1_4=0.0
uattacked1_4=0.0
attackOnY1_4=-0.0027543973
y1_4=-0.001584562
r1_4=-0.000575936
r_4=0.000575936
x1_5=6.30044e-05
x2_5=-0.0007253458
z1_5=0.0001418325
z2_5=-0.0004811264
xabs1_5=6.30044e-05
xabs2_5=0.0007253458
attackOnU1_5=-17.7038178981
u1_5=8.23188e-05
uattacked1_5=19.9989113719
attackOnY1_5=-91.2127498779
y1_5=-0.0034797432
r1_5=-0.0029986167
r_5=0.0029986167
x1_6=1.1000013832
x2_6=91.2087973181
z1_6=0.0002066246
z2_6=-0.000953943
xabs1_6=1.1000013832
xabs2_6=91.2087973181
attackOnU1_6=5.1030644571
u1_6=0.0001558537
uattacked1_6=-17.7036620443
attackOnY1_6=39.1669428615
y1_6=-0.0039525598
r1_6=-0.0029986167
r_6=0.0029986167
x1_7=-4.661563714
x2_7=-39.1676871164
z1_7=0.0002611565
z2_7=-0.0007428716
xabs1_7=4.661563714
xabs2_7=39.1676871164
attackOnU1_7=0.0
u1_7=0.0001312639
uattacked1_7=5.103195721
attackOnY1_7=0.0
y1_7=-0.0007442548
r1_7=-1.3832e-06
r_7=1.3832e-06
x1_8=0.0001599818
x2_8=0.0009315668
z1_8=0.0001575116
z2_8=0.0006089535
xabs1_8=0.0001599818
xabs2_8=0.0009315668
attackOnU1_8=0.0
u1_8=-7.0925e-05
uattacked1_8=-7.0925e-05
attackOnY1_8=0.0
y1_8=0.0009315668
r1_8=0.0003226132
r_8=0.0003226132
x1_9=2.46252e-05
x2_9=0.0002936085
z1_9=2.57198e-05
z2_9=0.0002883799
xabs1_9=2.46252e-05
xabs2_9=0.0002936085
attackOnU1_9=0.0
u1_9=-7.0925e-05
uattacked1_9=-7.0925e-05
attackOnY1_9=0.0
y1_9=0.0002936085
r1_9=5.2286e-06
r_9=5.2286e-06
x1_10=-6.3898e-06
x2_10=-0.0001623585
z1_10=-5.8672e-06
z2_10=-0.0001609752
xabs1_10=6.3898e-06
xabs2_10=0.0001623585
attackOnU1_10=0.0
u1_10=-7.0925e-05
uattacked1_10=-7.0925e-05
attackOnY1_10=0.0
y1_10=-0.0001623585
r1_10=-1.3832e-06
r_10=1.3832e-06
attack on control signal component 1
[  0.           0.           0.           0.          19.99882905
 -17.7038179    5.10306446   0.           0.           0.
   0.           0.        ]
attack on sensor 1
[ 0.00000000e+00  0.00000000e+00  0.00000000e+00  0.00000000e+00
 -2.75439730e-03 -9.12127499e+01  3.91669429e+01  0.00000000e+00
  0.00000000e+00  0.00000000e+00  0.00000000e+00  0.00000000e+00]
