sat
x1_0=-0.1
x2_0=-0.0002292199
z1_0=0.0
z2_0=0.0
xabs1_0=0.1
xabs2_0=0.0002292199
attackOnU1_0=-0.9043415851
u1_0=0.0
uattacked1_0=0.0
attackOnY1_0=0.0512097824
y1_0=0.0
r1_0=0.0
r_0=0.0
x1_1=-0.0747034443
x2_1=-0.0809805625
z1_1=0.0
z2_1=0.0
xabs1_1=0.0747034443
xabs2_1=0.0809805625
attackOnU1_1=0.7402820855
u1_1=0.0
uattacked1_1=-0.9043415851
attackOnY1_1=2.0807115115
y1_1=-0.02977078
r1_1=-0.02977078
r_1=0.02977078
x1_2=-0.1253900551
x2_2=-2.1002292199
z1_2=0.0001071748
z2_2=-0.0192884884
xabs1_2=0.1253900551
xabs2_2=2.1002292199
attackOnU1_2=0.0
u1_2=0.0076370038
uattacked1_2=0.7479190893
attackOnY1_2=0.0
y1_2=-0.0195177083
r1_2=-0.0002292199
r_2=0.0002292199
x1_3=0.025847213
x2_3=-0.0269133795
z1_3=0.001239688
z2_3=0.0023029335
xabs1_3=0.025847213
xabs2_3=0.0269133795
attackOnU1_3=0.0
u1_3=-0.0004979931
uattacked1_3=-0.0004979931
attackOnY1_3=0.0
y1_3=-0.0269133795
r1_3=-0.0292163131
r_3=0.0292163131
x1_4=0.020040585
x2_4=-0.0002292199
z1_4=0.0009258953
z2_4=-0.0173039515
xabs1_4=0.020040585
xabs2_4=0.0002292199
attackOnU1_4=0.0
u1_4=0.0071254031
uattacked1_4=0.0071254031
attackOnY1_4=0.0
y1_4=-0.0002292199
r1_4=0.0170747316
r_4=0.0170747316
x1_5=0.0155453463
x2_5=0.0316217416
z1_5=0.0016916299
z2_5=0.0145325717
xabs1_5=0.0155453463
xabs2_5=0.0316217416
attackOnU1_5=0.0
u1_5=-0.0051683719
uattacked1_5=-0.0051683719
attackOnY1_5=0.0
y1_5=0.0316217416
r1_5=0.0170891699
r_5=0.0170891699
attack on control signal component 1
[-0.90434159  0.74028209  0.          0.          0.          0.
  0.        ]
attack on sensor 1
[0.05120978 2.08071151 0.         0.         0.         0.
 0.        ]
