sat
x1_0=-3.86e-08
x2_0=-6.9e-09
z1_0=0.0
z2_0=0.0
xabs1_0=3.86e-08
xabs2_0=6.9e-09
attackOnU1_0=0.0
u1_0=0.0
uattacked1_0=0.0
attackOnY1_0=0.0
y1_0=0.0
r1_0=0.0
r_0=0.0
x1_1=-1.68e-08
x2_1=-5.3e-08
z1_1=0.0
z2_1=0.0
xabs1_1=1.68e-08
xabs2_1=5.3e-08
attackOnU1_1=0.0
u1_1=0.0
uattacked1_1=0.0
attackOnY1_1=0.0
y1_1=-5.3e-08
r1_1=-5.3e-08
r_1=5.3e-08
x1_2=-5e-09
x2_2=-4.51e-08
z1_2=2e-09
z2_2=-2.3e-08
xabs1_2=5e-09
xabs2_2=4.51e-08
attackOnU1_2=0.0
u1_2=0.0
uattacked1_2=0.0
attackOnY1_2=0.0
y1_2=-4.51e-08
r1_2=-2.21e-08
r_2=2.21e-08
x1_3=-1e-10
x2_3=-2.64e-08
z1_3=2.8e-09
z2_3=-1.7e-08
xabs1_3=1e-10
xabs2_3=2.64e-08
attackOnU1_3=0.0
u1_3=2.7e-09
uattacked1_3=2.7e-09
attackOnY1_3=0.0
y1_3=-2.64e-08
r1_3=-9.3e-09
r_3=9.3e-09
x1_4=1.2e-09
x2_4=4e-10
z1_4=2.5e-09
z2_4=4.4e-09
xabs1_4=1.2e-09
xabs2_4=4e-10
attackOnU1_4=0.0
u1_4=2.7e-09
uattacked1_4=2.7e-09
attackOnY1_4=0.0
y1_4=4e-10
r1_4=-3.9e-09
r_4=3.9e-09
x1_5=6e-10
x2_5=1.41e-08
z1_5=1.2e-09
z2_5=1.58e-08
xabs1_5=6e-10
xabs2_5=1.41e-08
attackOnU1_5=20.000000024
u1_5=2.7e-09
uattacked1_5=2.7e-09
attackOnY1_5=-0.002999999
y1_5=1.41e-08
r1_5=-1.6e-09
r_5=1.6e-09
x1_6=-1e-10
x2_6=1.94e-08
z1_6=0.0
z2_6=2.01e-08
xabs1_6=1e-10
xabs2_6=1.94e-08
attackOnU1_6=-17.7049720966
u1_6=-2.8e-09
uattacked1_6=20.0000000212
attackOnY1_6=-91.2183018089
y1_6=-0.0029999796
r1_6=-0.0029999998
r_6=0.0029999998
x1_7=1.1000000001
x2_7=91.2140001051
z1_7=0.0001169989
z2_7=-0.001301704
xabs1_7=1.1000000001
xabs2_7=91.2140001051
attackOnU1_7=5.1033643235
u1_7=0.0001963897
uattacked1_7=-17.7047757068
attackOnY1_7=39.1692776823
y1_7=-0.0043017038
r1_7=-0.0029999998
r_7=0.0029999998
x1_8=-4.6618638686
x2_8=-39.1704777197
z1_8=0.0002394839
z2_8=-0.0008276503
xabs1_8=4.6618638686
xabs2_8=39.1704777197
attackOnU1_8=0.0
u1_8=0.0001411634
uattacked1_8=5.103505487
attackOnY1_8=0.0
y1_8=-0.0012000373
r1_8=-0.000372387
r_8=0.000372387
x1_9=0.0001712598
x2_9=0.0007275227
z1_9=0.0001667638
z2_9=0.0004277619
xabs1_9=0.0001712598
xabs2_9=0.0007275227
attackOnU1_9=0.0
u1_9=-4.42825e-05
uattacked1_9=-4.42825e-05
attackOnY1_9=0.0
y1_9=0.0007275227
r1_9=0.0002997608
r_9=0.0002997608
x1_10=4.04545e-05
x2_10=0.0003398889
z1_10=4.04921e-05
z2_10=0.0003321831
xabs1_10=4.04545e-05
xabs2_10=0.0003398889
attackOnU1_10=0.0
u1_10=-4.42825e-05
uattacked1_10=-4.42825e-05
attackOnY1_10=0.0
y1_10=0.0003398889
r1_10=7.7058e-06
r_10=7.7058e-06
x1_11=-1e-10
x2_11=3.5e-09
z1_11=6.89e-08
z2_11=3.7e-09
xabs1_11=1e-10
xabs2_11=3.5e-09
attackOnU1_11=0.0
u1_11=6.2e-09
uattacked1_11=6.2e-09
attackOnY1_11=0.0
y1_11=3.5e-09
r1_11=-1e-10
r_11=1e-10
attack on control signal component 1
[  0.           0.           0.           0.           0.
  20.00000002 -17.7049721    5.10336432   0.           0.
   0.           0.           0.        ]
attack on sensor 1
[ 0.00000000e+00  0.00000000e+00  0.00000000e+00  0.00000000e+00
  0.00000000e+00 -2.99999900e-03 -9.12183018e+01  3.91692777e+01
  0.00000000e+00  0.00000000e+00  0.00000000e+00  0.00000000e+00
  0.00000000e+00]
