sat
x1_0=-0.002181398
x2_0=-0.0003920037
z1_0=0.0
z2_0=0.0
xabs1_0=0.002181398
xabs2_0=0.0003920037
attackOnU1_0=0.0
u1_0=0.0
uattacked1_0=0.0
attackOnY1_0=0.0
y1_0=0.0
r1_0=0.0
r_0=0.0
x1_1=-0.0009527683
x2_1=-0.002995071
z1_1=0.0
z2_1=0.0
xabs1_1=0.0009527683
xabs2_1=0.002995071
attackOnU1_1=0.0
u1_1=0.0
uattacked1_1=0.0
attackOnY1_1=0.0
y1_1=-0.002995071
r1_1=-0.002995071
r_1=0.002995071
x1_2=-0.0002868076
x2_2=-0.0025512172
z1_2=0.0001168077
z2_2=-0.0012995613
xabs1_2=0.0002868076
xabs2_2=0.0025512172
attackOnU1_2=0.0
u1_2=0.0001960666
uattacked1_2=0.0001960666
attackOnY1_2=0.0
y1_2=-0.0025512172
r1_2=-0.0012516559
r_2=0.0012516559
x1_3=0.0
x2_3=-0.0005999452
z1_3=0.0001710976
z2_3=-6.98217e-05
xabs1_3=0.0
xabs2_3=0.0005999452
attackOnU1_3=20.0004152059
u1_3=0.0001960666
uattacked1_3=0.0001960666
attackOnY1_3=-0.002770348
y1_3=-0.0005999452
r1_3=-0.0005301234
r_3=0.0005301234
x1_4=3.82611e-05
x2_4=0.0006301052
z1_4=0.0001107947
z2_4=0.0008548282
xabs1_4=3.82611e-05
xabs2_4=0.0006301052
attackOnU1_4=-17.7051813577
u1_4=-0.0001104501
uattacked1_4=20.0003047557
attackOnY1_4=-91.2199954878
y1_4=-0.0021402428
r1_4=-0.002995071
r_4=0.002995071
x1_5=1.1000049289
x2_5=91.2157167781
z1_5=0.0001208855
z2_5=-0.0012836386
xabs1_5=1.1000049289
xabs2_5=91.2157167781
attackOnU1_5=5.1032505261
u1_5=0.000194208
uattacked1_5=-17.7049871496
attackOnY1_5=39.1689032254
y1_5=-0.0042787097
r1_5=-0.002995071
r_5=0.002995071
x1_6=-4.6619519282
x2_6=-39.1706799902
z1_6=0.0002400739
z2_6=-0.0008224804
xabs1_6=4.6619519282
xabs2_6=39.1706799902
attackOnU1_6=0.0
u1_6=0.0001404875
uattacked1_6=5.1033910136
attackOnY1_6=0.0
y1_6=-0.0017767647
r1_6=-0.0009542843
r_6=0.0009542843
x1_7=0.0001350412
x2_7=2.4644e-06
z1_7=0.0001894464
z2_7=0.0001752332
xabs1_7=0.0001350412
xabs2_7=2.4644e-06
attackOnU1_7=0.0
u1_7=-6.1847e-06
uattacked1_7=-6.1847e-06
attackOnY1_7=0.0
y1_7=2.4644e-06
r1_7=-0.0001727687
r_7=0.0001727687
x1_8=5.96403e-05
x2_8=0.0001476078
z1_8=8.26757e-05
z2_8=0.0002190912
xabs1_8=5.96403e-05
xabs2_8=0.0001476078
attackOnU1_8=0.0
u1_8=-6.1847e-06
uattacked1_8=-6.1847e-06
attackOnY1_8=0.0
y1_8=0.0001476078
r1_8=-7.14833e-05
r_8=7.14833e-05
x1_9=1.94393e-05
x2_9=0.0001139387
z1_9=2.9204e-05
z2_9=0.0001441947
xabs1_9=1.94393e-05
xabs2_9=0.0001139387
attackOnU1_9=0.0
u1_9=-1.75932e-05
uattacked1_9=-1.75932e-05
attackOnY1_9=0.0
y1_9=0.0001139387
r1_9=-3.02559e-05
r_9=3.02559e-05
attack on control signal component 1
[  0.           0.           0.          20.00041521 -17.70518136
   5.10325053   0.           0.           0.           0.
   0.        ]
attack on sensor 1
[ 0.00000000e+00  0.00000000e+00  0.00000000e+00 -2.77034800e-03
 -9.12199955e+01  3.91689032e+01  0.00000000e+00  0.00000000e+00
  0.00000000e+00  0.00000000e+00  0.00000000e+00]
