sat
x1_0=-3.2461e-06
x2_0=-1.3812e-06
z1_0=0.0
z2_0=0.0
xabs1_0=3.2461e-06
xabs2_0=1.3812e-06
attackOnU1_0=20.0000322855
u1_0=0.0
uattacked1_0=0.0
attackOnY1_0=-0.0029938105
y1_0=0.0
r1_0=0.0
r_0=0.0
x1_1=-1.3812e-06
x2_1=-4.8081e-06
z1_1=0.0
z2_1=0.0
xabs1_1=1.3812e-06
xabs2_1=4.8081e-06
attackOnU1_1=-17.7042176938
u1_1=0.0
uattacked1_1=20.0000322855
attackOnY1_1=-91.215445823
y1_1=-0.0029986187
r1_1=-0.0029986187
r_1=0.0029986187
x1_2=1.1000013812
x2_2=91.214143341
z1_2=0.0001169461
z2_2=-0.0013011006
xabs1_2=1.1000013812
xabs2_2=91.214143341
attackOnU1_2=5.1030528388
u1_2=0.0001962988
uattacked1_2=-17.704021395
attackOnY1_2=39.167444542
y1_2=-0.0013024819
r1_2=-1.3812e-06
r_2=1.3812e-06
x1_3=-4.661828327
x2_3=-39.1669726902
z1_3=0.0001224817
z2_3=0.000473233
xabs1_3=4.661828327
xabs2_3=39.1669726902
attackOnU1_3=0.0
u1_3=-5.51101e-05
uattacked1_3=5.1029977287
attackOnY1_3=0.0
y1_3=0.0004718517
r1_3=-1.3812e-06
r_3=1.3812e-06
x1_4=-1.3812e-06
x2_4=6.906e-07
z1_4=2.98531e-05
z2_4=0.0001148561
xabs1_4=1.3812e-06
xabs2_4=6.906e-07
attackOnU1_4=0.0
u1_4=-1.3363e-05
uattacked1_4=-1.3363e-05
attackOnY1_4=0.0
y1_4=6.906e-07
r1_4=-0.0001141655
r_4=0.0001141655
x1_5=-1.3812e-06
x2_5=-6.24281e-05
z1_5=1.17417e-05
z2_5=-2.12947e-05
xabs1_5=1.3812e-06
xabs2_5=6.24281e-05
attackOnU1_5=0.0
u1_5=4.1827e-06
uattacked1_5=4.1827e-06
attackOnY1_5=0.0
y1_5=-6.24281e-05
r1_5=-4.11334e-05
r_5=4.11334e-05
x1_6=2.4746e-06
x2_6=-1.01917e-05
z1_6=8.0346e-06
z2_6=7.0471e-06
xabs1_6=2.4746e-06
xabs2_6=1.01917e-05
attackOnU1_6=0.0
u1_6=-2.076e-07
uattacked1_6=-2.076e-07
attackOnY1_6=0.0
y1_6=-1.01917e-05
r1_6=-1.72389e-05
r_6=1.72389e-05
attack on control signal component 1
[ 20.00003229 -17.70421769   5.10305284   0.           0.
   0.           0.           0.        ]
attack on sensor 1
[-2.99381050e-03 -9.12154458e+01  3.91674445e+01  0.00000000e+00
  0.00000000e+00  0.00000000e+00  0.00000000e+00  0.00000000e+00]
