sat
x1_0=2.658e-07
x2_0=-1.6652e-06
z1_0=0.0
z2_0=0.0
xabs1_0=2.658e-07
xabs2_0=1.6652e-06
attackOnU1_0=-20.0000089728
u1_0=0.0
uattacked1_0=0.0
attackOnY1_0=0.0
y1_0=0.0
r1_0=0.0
r_0=0.0
x1_1=1.945e-07
x2_1=-3.891e-07
z1_1=0.0
z2_1=0.0
xabs1_1=1.945e-07
xabs2_1=3.891e-07
attackOnU1_1=0.0
u1_1=0.0
uattacked1_1=-20.0000089728
attackOnY1_1=91.2140402838
y1_1=-3.891e-07
r1_1=-3.891e-07
r_1=3.891e-07
x1_2=-1.1000003891
x2_2=-91.2140408418
z1_2=1.51e-08
z2_2=-1.688e-07
xabs1_2=1.1000003891
xabs2_2=91.2140408418
attackOnU1_2=5.4656000737
u1_2=0.0
uattacked1_2=-20.0000089728
attackOnY1_2=132.78675237
y1_2=-5.579e-07
r1_2=-3.891e-07
r_2=3.891e-07
x1_3=2.5881024038
x2_3=-132.789752204
z1_3=2.96e-08
z2_3=-2.235e-07
xabs1_3=2.5881024038
xabs2_3=132.789752204
attackOnU1_3=0.0
u1_3=3.46e-08
uattacked1_3=5.4656001084
attackOnY1_3=30.1740397613
y1_3=-0.0029998344
r1_3=-0.0029996108
r_3=0.0029996108
x1_4=7.5340842266
x2_4=-30.1783408052
z1_4=0.0001170101
z2_4=-0.001301433
xabs1_4=7.5340842266
xabs2_4=30.1783408052
attackOnU1_4=-1.3022995738
u1_4=3.46e-08
uattacked1_4=5.4656001084
attackOnY1_4=-21.3955308483
y1_4=-0.0043010439
r1_4=-0.0029996108
r_4=0.0029996108
x1_5=5.0354434957
x2_5=21.390808373
z1_5=0.0002286618
z2_5=-0.0017228644
xabs1_5=5.0354434957
xabs2_5=21.390808373
attackOnU1_5=0.0
u1_5=0.0002672156
uattacked1_5=-1.3020323582
attackOnY1_5=-9.996699524
y1_5=-0.0047224753
r1_5=-0.0029996108
r_5=0.0029996108
x1_6=1.1894615524
x2_6=9.9934152088
z1_6=0.0003123434
z2_6=-0.0005453799
xabs1_6=1.1894615524
xabs2_6=9.9934152088
attackOnU1_6=0.0
u1_6=0.0002672156
uattacked1_6=-1.3020323582
attackOnY1_6=0.0
y1_6=-0.0032843151
r1_6=-0.0027389352
r_6=0.0027389352
x1_7=1.945e-07
x2_7=-3.32984e-05
z1_7=0.0002854865
z2_7=0.0001943314
xabs1_7=1.945e-07
xabs2_7=3.32984e-05
attackOnU1_7=0.0
u1_7=5.824e-07
uattacked1_7=5.824e-07
attackOnY1_7=0.0
y1_7=-3.32984e-05
r1_7=-0.0002276299
r_7=0.0002276299
x1_8=1.6436e-06
x2_8=-1.17498e-05
z1_8=0.0001270507
z2_8=0.0003588235
xabs1_8=1.6436e-06
xabs2_8=1.17498e-05
attackOnU1_8=0.0
u1_8=5.824e-07
uattacked1_8=5.824e-07
attackOnY1_8=0.0
y1_8=-1.17498e-05
r1_8=-0.0003705733
r_8=0.0003705733
x1_9=1.3016e-06
x2_9=-3.891e-07
z1_9=5.45878e-05
z2_9=0.0001642096
xabs1_9=1.3016e-06
xabs2_9=3.891e-07
attackOnU1_9=0.0
u1_9=-1.79299e-05
uattacked1_9=-1.79299e-05
attackOnY1_9=0.0
y1_9=-3.891e-07
r1_9=-0.0001645988
r_9=0.0001645988
attack on control signal component 1
[-20.00000897   0.           5.46560007   0.          -1.30229957
   0.           0.           0.           0.           0.
   0.        ]
attack on sensor 1
[  0.          91.21404028 132.78675237  30.17403976 -21.39553085
  -9.99669952   0.           0.           0.           0.
   0.        ]
