sat
x1_0=-0.1
x2_0=-0.0
z1_0=0.0
z2_0=0.0
xabs1_0=0.1
xabs2_0=0.0
attackOnU1_0=20.2522988727
u1_0=0.0
uattacked1_0=0.0
attackOnY1_0=0.12639
y1_0=0.0
r1_0=0.0
r_0=0.0
x1_1=-0.0444999999
x2_1=-0.12939
z1_1=0.0
z2_1=0.0
xabs1_1=0.0444999999
xabs2_1=0.12939
attackOnU1_1=0.0
u1_1=0.0
uattacked1_1=20.2522988727
attackOnY1_1=-92.2496397
y1_1=-0.0029999999
r1_1=-0.0029999999
r_1=0.0029999999
x1_2=1.1
x2_2=92.2501234408
z1_2=0.0001169999
z2_2=-0.0013016999
xabs1_2=1.1
xabs2_2=92.2501234408
attackOnU1_2=-28.6159911673
u1_2=0.0
uattacked1_2=20.2522988727
attackOnY1_2=-134.396100727
y1_2=0.0004837407
r1_2=0.0017854407
r_2=0.0017854407
x1_3=-2.6216792155
x2_3=134.396453807
z1_3=4.20506e-05
z2_3=0.0003530807
xabs1_3=2.6216792155
xabs2_3=134.396453807
attackOnU1_3=9.7377486712
u1_3=-4.5987e-05
uattacked1_3=-28.6160371543
attackOnY1_3=74.7400325232
y1_3=0.0003530807
r1_3=-0.0
r_3=0.0
x1_4=-8.8958868788
x2_4=-74.7400324209
z1_4=1.21e-08
z2_4=1.023e-07
xabs1_4=8.8958868788
xabs2_4=74.7400324209
attackOnU1_4=0.0
u1_4=-1.33e-08
uattacked1_4=9.7377486579
attackOnY1_4=0.0
y1_4=1.023e-07
r1_4=-0.0
r_4=0.0
x1_5=-0.0
x2_5=0.0
z1_5=-0.0
z2_5=-0.0
xabs1_5=0.0
xabs2_5=0.0
attackOnU1_5=0.0
u1_5=0.0
uattacked1_5=0.0
attackOnY1_5=0.0
y1_5=0.0
r1_5=0.0
r_5=0.0
x1_6=-0.0
x2_6=-0.0
z1_6=-0.0
z2_6=-0.0
xabs1_6=0.0
xabs2_6=0.0
attackOnU1_6=0.0
u1_6=0.0
uattacked1_6=0.0
attackOnY1_6=0.0
y1_6=-0.0
r1_6=0.0
r_6=0.0
x1_7=-0.0
x2_7=-0.0
z1_7=-0.0
z2_7=-0.0
xabs1_7=0.0
xabs2_7=0.0
attackOnU1_7=0.0
u1_7=0.0
uattacked1_7=0.0
attackOnY1_7=0.0
y1_7=-0.0
r1_7=0.0
r_7=0.0
attack on control signal component 1
[ 20.25229887   0.         -28.61599117   9.73774867   0.
   0.           0.           0.           0.        ]
attack on sensor 1
[ 1.26390000e-01 -9.22496397e+01 -1.34396101e+02  7.47400325e+01
  0.00000000e+00  0.00000000e+00  0.00000000e+00  0.00000000e+00
  0.00000000e+00]
