sat
x1_0=-1.5745e-06
x2_0=3.585e-07
z1_0=0.0
z2_0=0.0
xabs1_0=1.5745e-06
xabs2_0=3.585e-07
attackOnU1_0=79.6983676491
u1_0=0.0
uattacked1_0=0.0
attackOnY1_0=-0.0029974034
y1_0=0.0
r1_0=0.0
r_0=0.0
x1_1=-7.17e-07
x2_1=-1.8794e-06
z1_1=0.0
z2_1=0.0
xabs1_1=7.17e-07
xabs2_1=1.8794e-06
attackOnU1_1=-11.1519934736
u1_1=0.0
uattacked1_1=79.6983676491
attackOnY1_1=-363.481645688
y1_1=-0.0029992829
r1_1=-0.0029992829
r_1=0.0029992829
x1_2=4.3834099876
x2_2=363.480343582
z1_2=0.000116972
z2_2=-0.0013013888
xabs1_2=4.3834099876
xabs2_2=363.480343582
attackOnU1_2=0.0
u1_2=0.0001963423
uattacked1_2=-11.1517971313
attackOnY1_2=-114.81762348
y1_2=-0.0013021059
r1_2=-7.17e-07
r_2=7.17e-07
x1_3=-15.3101311337
x2_3=114.815740251
z1_3=0.0001224829
z2_3=0.0004736261
xabs1_3=15.3101311337
xabs2_3=114.815740251
attackOnU1_3=1.2041010906
u1_3=0.0001963423
uattacked1_3=-11.1517971313
attackOnY1_3=20.1251314992
y1_3=-0.0018832291
r1_3=-0.0023568553
r_3=0.0023568553
x1_4=-12.6849181002
x2_4=-20.1278909921
z1_4=0.000135529
z2_4=0.00023979
xabs1_4=12.6849181002
xabs2_4=20.1278909921
attackOnU1_4=0.0
u1_4=-2.06734e-05
uattacked1_4=1.2040804171
attackOnY1_4=19.7807481112
y1_4=-0.0027594928
r1_4=-0.0029992829
r_4=0.0029992829
x1_5=-4.6567067242
x2_5=-19.7818635861
z1_5=0.000165163
z2_5=-0.0011147577
xabs1_5=4.6567067242
xabs2_5=19.7818635861
attackOnU1_5=0.0
u1_5=-2.06734e-05
uattacked1_5=1.2040804171
attackOnY1_5=9.2414672968
y1_5=-0.0011154748
r1_5=-7.17e-07
r_5=7.17e-07
x1_6=-1.100000717
x2_6=-9.2418396225
z1_6=0.0001234443
z2_6=-0.0003716085
xabs1_6=1.100000717
xabs2_6=9.2418396225
attackOnU1_6=0.0
u1_6=-2.06734e-05
uattacked1_6=1.2040804171
attackOnY1_6=0.0
y1_6=-0.0003723256
r1_6=-7.17e-07
r_6=7.17e-07
x1_7=3.585e-07
x2_7=-9.91711e-05
z1_7=7.08433e-05
z2_7=-9.8454e-05
xabs1_7=3.585e-07
xabs2_7=9.91711e-05
attackOnU1_7=0.0
u1_7=2.09727e-05
uattacked1_7=2.09727e-05
attackOnY1_7=0.0
y1_7=-9.91711e-05
r1_7=-7.17e-07
r_7=7.17e-07
x1_8=5.855e-06
x2_8=5.2459e-05
z1_8=3.72159e-05
z2_8=0.0001436638
xabs1_8=5.855e-06
xabs2_8=5.2459e-05
attackOnU1_8=0.0
u1_8=-1.6727e-05
uattacked1_8=-1.6727e-05
attackOnY1_8=0.0
y1_8=5.2459e-05
r1_8=-9.12047e-05
r_8=9.12047e-05
x1_9=-7.17e-07
x2_9=-4.56186e-05
z1_9=1.26182e-05
z2_9=-4.4662e-06
xabs1_9=7.17e-07
xabs2_9=4.56186e-05
attackOnU1_9=0.0
u1_9=-1.6727e-05
uattacked1_9=-1.6727e-05
attackOnY1_9=0.0
y1_9=-4.56186e-05
r1_9=-4.11524e-05
r_9=4.11524e-05
attack on control signal component 1
[ 79.69836765 -11.15199347   0.           1.20410109   0.
   0.           0.           0.           0.           0.
   0.        ]
attack on sensor 1
[-2.99740340e-03 -3.63481646e+02 -1.14817623e+02  2.01251315e+01
  1.97807481e+01  9.24146730e+00  0.00000000e+00  0.00000000e+00
  0.00000000e+00  0.00000000e+00  0.00000000e+00]
