sat
x1_0=-4.759e-07
x2_0=8.313e-07
z1_0=0.0
z2_0=0.0
xabs1_0=4.759e-07
xabs2_0=8.313e-07
attackOnU1_0=190.381894219
u1_0=0.0
uattacked1_0=0.0
attackOnY1_0=0.0
y1_0=0.0
r1_0=0.0
r_0=0.0
x1_1=-2.498e-07
x2_1=-2.498e-07
z1_1=0.0
z2_1=0.0
xabs1_1=2.498e-07
xabs2_1=2.498e-07
attackOnU1_1=-19.0812111859
u1_1=0.0
uattacked1_1=190.381894219
attackOnY1_1=-868.274704888
y1_1=-2.498e-07
r1_1=-2.498e-07
r_1=2.498e-07
x1_2=10.4710040822
x2_2=868.27470453
z1_2=9.7e-09
z2_2=-1.084e-07
xabs1_2=10.4710040822
xabs2_2=868.27470453
attackOnU1_2=0.0
u1_2=1.63e-08
uattacked1_2=-19.0812111695
attackOnY1_2=-308.739277654
y1_2=-3.583e-07
r1_2=-2.498e-07
r_2=2.498e-07
x1_3=-36.1568512651
x2_3=308.739277335
z1_3=1.99e-08
z2_3=-6.89e-08
xabs1_3=36.1568512651
xabs2_3=308.739277335
attackOnU1_3=0.0
u1_3=1.63e-08
uattacked1_3=-19.0812111695
attackOnY1_3=-2.1030000383
y1_3=-3.188e-07
r1_3=-2.498e-07
r_3=2.498e-07
x1_4=-31.2795243292
x2_4=2.1000002498
z1_4=2.26e-08
z2_4=-3.83e-08
xabs1_4=31.2795243292
xabs2_4=2.1000002498
attackOnU1_4=16.4906419724
u1_4=1.63e-08
uattacked1_4=-19.0812111695
attackOnY1_4=126.569893087
y1_4=-0.0029997884
r1_4=-0.0029997501
r_4=0.0029997501
x1_5=-15.0650349522
x2_5=-126.571836201
z1_5=0.000117003
z2_5=-0.0013015045
xabs1_5=15.0650349522
xabs2_5=126.571836201
attackOnU1_5=0.0
u1_5=0.0001963618
uattacked1_5=16.4908383343
attackOnY1_5=0.0
y1_5=-0.001943114
r1_5=-0.0006416095
r_5=0.0006416095
x1_6=4.56526e-05
x2_6=0.000195371
z1_6=0.0001474979
z2_6=0.0001956209
xabs1_6=4.56526e-05
xabs2_6=0.000195371
attackOnU1_6=0.0
u1_6=-1.32201e-05
uattacked1_6=-1.32201e-05
attackOnY1_6=0.0
y1_6=0.000195371
r1_6=-2.498e-07
r_6=2.498e-07
x1_7=1.06403e-05
x2_7=8.47791e-05
z1_7=5.59597e-05
z2_7=0.0002165584
xabs1_7=1.06403e-05
xabs2_7=8.47791e-05
attackOnU1_7=0.0
u1_7=-1.32201e-05
uattacked1_7=-1.32201e-05
attackOnY1_7=0.0
y1_7=8.47791e-05
r1_7=-0.0001317792
r_7=0.0001317792
x1_8=1.249e-07
x2_8=-9.2057e-06
z1_8=1.9396e-05
z2_8=5.02633e-05
xabs1_8=1.249e-07
xabs2_8=9.2057e-06
attackOnU1_8=0.0
u1_8=-1.32201e-05
uattacked1_8=-1.32201e-05
attackOnY1_8=0.0
y1_8=-9.2057e-06
r1_8=-5.9469e-05
r_8=5.9469e-05
attack on control signal component 1
[190.38189422 -19.08121119   0.           0.          16.49064197
   0.           0.           0.           0.           0.        ]
attack on sensor 1
[   0.         -868.27470489 -308.73927765   -2.10300004  126.56989309
    0.            0.            0.            0.            0.        ]
