sat
x1_0=-0.0012257086
x2_0=0.0104096399
z1_0=0.0
z2_0=0.0
xabs1_0=0.0012257086
xabs2_0=0.0104096399
attackOnU1_0=0.0
u1_0=0.0
uattacked1_0=0.0
attackOnY1_0=0.0
y1_0=0.0
r1_0=0.0
r_0=0.0
x1_1=-0.0010222018
x2_1=0.002996379
z1_1=0.0
z2_1=0.0
xabs1_1=0.0010222018
xabs2_1=0.002996379
attackOnU1_1=0.0
u1_1=0.0
uattacked1_1=0.0
attackOnY1_1=0.0
y1_1=0.002996379
r1_1=0.002996379
r_1=0.002996379
x1_2=-0.0005921139
x2_2=-3.6209e-06
z1_2=-0.0001168587
z2_2=0.0013001288
xabs1_2=0.0005921139
xabs2_2=3.6209e-06
attackOnU1_2=0.0
u1_2=0.0
uattacked1_2=0.0
attackOnY1_2=0.0
y1_2=-3.6209e-06
r1_2=-0.0013037498
r_2=0.0013037498
x1_3=-0.0002633248
x2_3=-0.0007677302
z1_3=-6.07018e-05
z2_3=-0.0001445839
xabs1_3=0.0002633248
xabs2_3=0.0007677302
attackOnU1_3=0.0
u1_3=1.45396e-05
uattacked1_3=1.45396e-05
attackOnY1_3=0.0
y1_3=-0.0007677302
r1_3=-0.0006231463
r_3=0.0006231463
x1_4=-8.12178e-05
x2_4=-0.0006123599
z1_4=4.712e-06
z2_4=-0.0003462601
xabs1_4=8.12178e-05
xabs2_4=0.0006123599
attackOnU1_4=0.0
u1_4=1.45396e-05
uattacked1_4=1.45396e-05
attackOnY1_4=0.0
y1_4=-0.0006123599
r1_4=-0.0002660998
r_4=0.0002660998
x1_5=-7.2961e-06
x2_5=-0.0003083376
z1_5=2.91331e-05
z2_5=-0.0001954765
xabs1_5=7.2961e-06
xabs2_5=0.0003083376
attackOnU1_5=21.0833428713
u1_5=1.45396e-05
uattacked1_5=1.45396e-05
attackOnY1_5=4.78469e-05
y1_5=-0.0003083376
r1_5=-0.000112861
r_5=0.000112861
x1_6=1.16747e-05
x2_6=-7.88598e-05
z1_6=2.71183e-05
z2_6=-3.10128e-05
xabs1_6=1.16747e-05
xabs2_6=7.88598e-05
attackOnU1_6=-13.9434690014
u1_6=7.0804e-06
uattacked1_6=21.0833499518
attackOnY1_6=-96.1517644098
y1_6=-3.10128e-05
r1_6=0.0
r_6=0.0
x1_7=1.1595930543
x2_7=96.154814517
z1_7=1.38774e-05
z2_7=5.37281e-05
xabs1_7=1.1595930543
xabs2_7=96.154814517
attackOnU1_7=1.2031549572
u1_7=-6.2596e-06
uattacked1_7=-13.9434752611
attackOnY1_7=19.7655758179
y1_7=0.0030501072
r1_7=0.002996379
r_7=0.002996379
x1_8=-4.654762735
x2_8=-19.7642608199
z1_8=-0.0001134883
z2_8=0.0013131874
xabs1_8=4.654762735
xabs2_8=19.7642608199
attackOnU1_8=0.0
u1_8=-0.0001976739
uattacked1_8=1.2029572832
attackOnY1_8=9.2392246896
y1_8=0.0013149979
r1_8=1.8104e-06
r_8=1.8104e-06
x1_9=-1.1000036209
x2_9=-9.2366978339
z1_9=-0.0001215889
z2_9=-0.0004695233
xabs1_9=1.1000036209
xabs2_9=9.2366978339
attackOnU1_9=0.0
u1_9=-0.0001976739
uattacked1_9=1.2029572832
attackOnY1_9=0.0
y1_9=0.0025268557
r1_9=0.002996379
r_9=0.002996379
x1_10=-0.0002981999
x2_10=-0.0029617897
z1_10=-0.0001603337
z2_10=3.45892e-05
xabs1_10=0.0002981999
xabs2_10=0.0029617897
attackOnU1_10=0.0
u1_10=-2.07366e-05
uattacked1_10=-2.07366e-05
attackOnY1_10=0.0
y1_10=-0.0029617897
r1_10=-0.002996379
r_10=0.002996379
x1_11=1.8104e-06
x2_11=-0.0017841942
z1_11=4.27855e-05
z2_11=-0.001586932
xabs1_11=1.8104e-06
xabs2_11=0.0017841942
attackOnU1_11=0.0
u1_11=-2.07366e-05
uattacked1_11=-2.07366e-05
attackOnY1_11=0.0
y1_11=-0.0017841942
r1_11=-0.0001972622
r_11=0.0001972622
x1_12=8.13812e-05
x2_12=-0.0008776332
z1_12=9.82737e-05
z2_12=-0.0008233728
xabs1_12=8.13812e-05
xabs2_12=0.0008776332
attackOnU1_12=0.0
u1_12=-2.07366e-05
uattacked1_12=-2.07366e-05
attackOnY1_12=0.0
y1_12=-0.0008776332
r1_12=-5.42603e-05
r_12=5.42603e-05
attack on control signal component 1
[  0.           0.           0.           0.           0.
  21.08334287 -13.943469     1.20315496   0.           0.
   0.           0.           0.           0.        ]
attack on sensor 1
[ 0.00000000e+00  0.00000000e+00  0.00000000e+00  0.00000000e+00
  0.00000000e+00  4.78469000e-05 -9.61517644e+01  1.97655758e+01
  9.23922469e+00  0.00000000e+00  0.00000000e+00  0.00000000e+00
  0.00000000e+00  0.00000000e+00]
