sat
x1_0=-0.0020595873
x2_0=-0.0007595252
z1_0=0.0
z2_0=0.0
xabs1_0=0.0020595873
xabs2_0=0.0007595252
attackOnU1_0=0.0
u1_0=0.0
uattacked1_0=0.0
attackOnY1_0=0.0
y1_0=0.0
r1_0=0.0
r_0=0.0
x1_1=-0.0008817301
x2_1=-0.002999243
z1_1=0.0
z2_1=0.0
xabs1_1=0.0008817301
xabs2_1=0.002999243
attackOnU1_1=0.0
u1_1=0.0
uattacked1_1=0.0
attackOnY1_1=0.0
y1_1=-0.002999243
r1_1=-0.002999243
r_1=0.002999243
x1_2=-0.0002550045
x2_2=-0.0024611373
z1_2=0.0001169704
z2_2=-0.0013013715
xabs1_2=0.0002550045
xabs2_2=0.0024611373
attackOnU1_2=0.0
u1_2=0.0
uattacked1_2=0.0
attackOnY1_2=0.0
y1_2=-0.0024611373
r1_2=-0.0011597658
r_2=0.0011597658
x1_3=-7.569e-07
x2_3=-0.001413343
z1_3=0.0001568855
z2_3=-0.000924738
xabs1_3=7.569e-07
xabs2_3=0.001413343
attackOnU1_3=0.0
u1_3=0.0
uattacked1_3=0.0
attackOnY1_3=0.0
y1_3=-0.001413343
r1_3=-0.000488605
r_3=0.000488605
x1_4=6.43942e-05
x2_4=-0.000623133
z1_4=0.0001312226
z2_4=-0.0004160812
xabs1_4=6.43942e-05
xabs2_4=0.000623133
attackOnU1_4=21.091522893
u1_4=0.0
uattacked1_4=0.0
attackOnY1_4=8.70167e-05
y1_4=-0.000623133
r1_4=-0.0002070518
r_4=0.0002070518
x1_5=5.71949e-05
x2_5=-0.0001909834
z1_5=8.55256e-05
z2_5=-0.0001032097
xabs1_5=5.71949e-05
xabs2_5=0.0001909834
attackOnU1_5=-13.9509985207
u1_5=2.30971e-05
uattacked1_5=21.0915459902
attackOnY1_5=-96.1920342487
y1_5=-0.0001039666
r1_5=-7.569e-07
r_5=7.569e-07
x1_6=1.1600692282
x2_6=96.1922037312
z1_6=4.40857e-05
z2_6=0.0001702394
xabs1_6=1.1600692282
xabs2_6=96.1922037312
attackOnU1_6=1.2040828964
u1_6=-1.98227e-05
uattacked1_6=-13.9510183435
attackOnY1_6=19.7816281934
y1_6=0.0001694825
r1_6=-7.569e-07
r_6=7.569e-07
x1_7=-4.6566781332
x2_7=-19.7815877023
z1_7=1.07604e-05
z2_7=4.12479e-05
xabs1_7=4.6566781332
xabs2_7=19.7815877023
attackOnU1_7=0.0
u1_7=-4.7951e-06
uattacked1_7=1.2040781013
attackOnY1_7=9.241700872
y1_7=4.0491e-05
r1_7=-7.569e-07
r_7=7.569e-07
x1_8=-1.1000007569
x2_8=-9.2416917463
z1_8=2.665e-06
z2_8=9.8826e-06
xabs1_8=1.1000007569
xabs2_8=9.2416917463
attackOnU1_8=0.0
u1_8=-4.7951e-06
uattacked1_8=1.2040781013
attackOnY1_8=0.0
y1_8=9.1256e-06
r1_8=-7.569e-07
r_8=7.569e-07
x1_9=-6.5592e-06
x2_9=-4.46894e-05
z1_9=4.991e-07
z2_9=-1.4399e-05
xabs1_9=6.5592e-06
xabs2_9=4.46894e-05
attackOnU1_9=0.0
u1_9=2.0939e-06
uattacked1_9=2.0939e-06
attackOnY1_9=0.0
y1_9=-4.46894e-05
r1_9=-3.02903e-05
r_9=3.02903e-05
x1_10=-7.569e-07
x2_10=-1.86095e-05
z1_10=2.178e-06
z2_10=-9.2858e-06
xabs1_10=7.569e-07
xabs2_10=1.86095e-05
attackOnU1_10=0.0
u1_10=2.0939e-06
uattacked1_10=2.0939e-06
attackOnY1_10=0.0
y1_10=-1.86095e-05
r1_10=-9.3236e-06
r_10=9.3236e-06
x1_11=6.306e-07
x2_11=3.784e-07
z1_11=1.8733e-06
z2_11=4.2348e-06
xabs1_11=6.306e-07
xabs2_11=3.784e-07
attackOnU1_11=0.0
u1_11=2.0939e-06
uattacked1_11=2.0939e-06
attackOnY1_11=0.0
y1_11=3.784e-07
r1_11=-3.8563e-06
r_11=3.8563e-06
attack on control signal component 1
[  0.           0.           0.           0.          21.09152289
 -13.95099852   1.2040829    0.           0.           0.
   0.           0.           0.        ]
attack on sensor 1
[ 0.00000000e+00  0.00000000e+00  0.00000000e+00  0.00000000e+00
  8.70167000e-05 -9.61920342e+01  1.97816282e+01  9.24170087e+00
  0.00000000e+00  0.00000000e+00  0.00000000e+00  0.00000000e+00
  0.00000000e+00]
