sat
x1_0=-3.7e-09
x2_0=-5.9e-09
z1_0=0.0
z2_0=0.0
xabs1_0=3.7e-09
xabs2_0=5.9e-09
attackOnU1_0=0.0
u1_0=0.0
uattacked1_0=0.0
attackOnY1_0=0.0
y1_0=0.0
r1_0=0.0
r_0=0.0
x1_1=-1.3e-09
x2_1=-7.4e-09
z1_1=0.0
z2_1=0.0
xabs1_1=1.3e-09
xabs2_1=7.4e-09
attackOnU1_1=0.0
u1_1=0.0
uattacked1_1=0.0
attackOnY1_1=0.0
y1_1=-7.4e-09
r1_1=-7.4e-09
r_1=7.4e-09
x1_2=-2e-10
x2_2=-5e-09
z1_2=2e-10
z2_2=-3.2e-09
xabs1_2=2e-10
xabs2_2=5e-09
attackOnU1_2=0.0
u1_2=0.0
uattacked1_2=0.0
attackOnY1_2=0.0
y1_2=-5e-09
r1_2=-1.8e-09
r_2=1.8e-09
x1_3=1e-10
x2_3=-2.5e-09
z1_3=3e-10
z2_3=-1.8e-09
xabs1_3=1e-10
xabs2_3=2.5e-09
attackOnU1_3=0.0
u1_3=0.0
uattacked1_3=0.0
attackOnY1_3=0.0
y1_3=-2.5e-09
r1_3=-7e-10
r_3=7e-10
x1_4=1e-10
x2_4=-9e-10
z1_4=2e-10
z2_4=-6e-10
xabs1_4=1e-10
xabs2_4=9e-10
attackOnU1_4=-20.0000000051
u1_4=0.0
uattacked1_4=0.0
attackOnY1_4=-0.0029999996
y1_4=-9e-10
r1_4=-3e-10
r_4=3e-10
x1_5=1e-10
x2_5=-2e-10
z1_5=1e-10
z2_5=-0.0
xabs1_5=1e-10
xabs2_5=2e-10
attackOnU1_5=5.6058870639
u1_5=0.0
uattacked1_5=-20.0000000051
attackOnY1_5=91.2126983236
y1_5=-0.0029999998
r1_5=-0.0029999997
r_5=0.0029999997
x1_6=-1.1000000002
x2_6=-91.2140000234
z1_6=0.000117
z2_6=-0.0013016996
xabs1_6=1.1000000002
xabs2_6=91.2140000234
attackOnU1_6=0.0
u1_6=0.0001963892
uattacked1_6=5.6060834531
attackOnY1_6=16.0073254627
y1_6=-0.0013016998
r1_6=-2e-10
r_6=2e-10
x1_7=3.9964357909
x2_7=-16.0080280056
z1_7=0.0001224842
z2_7=0.0004740505
xabs1_7=3.9964357909
xabs2_7=16.0080280056
attackOnU1_7=-3.0866808712
u1_7=0.0001963892
uattacked1_7=5.6060834531
attackOnY1_7=-23.6911668389
y1_7=-0.0007025428
r1_7=-0.0011765934
r_7=0.0011765934
x1_8=2.8199161995
x2_8=23.6919191467
z1_8=8.94825e-05
z2_8=0.000752308
xabs1_8=2.8199161995
xabs2_8=23.6919191467
attackOnU1_8=0.0
u1_8=-9.79958e-05
uattacked1_8=-3.0867788671
attackOnY1_8=0.0
y1_8=0.0007523078
r1_8=-2e-10
r_8=2e-10
x1_9=-2.58e-08
x2_9=-2e-10
z1_9=-2.57e-08
z2_9=1.78e-08
xabs1_9=2.58e-08
xabs2_9=2e-10
attackOnU1_9=0.0
u1_9=-5e-09
uattacked1_9=-5e-09
attackOnY1_9=0.0
y1_9=-2e-10
r1_9=-1.8e-08
r_9=1.8e-08
x1_10=-1.17e-08
x2_10=-5.66e-08
z1_10=-1.18e-08
z2_10=-5.64e-08
xabs1_10=1.17e-08
xabs2_10=5.66e-08
attackOnU1_10=0.0
u1_10=6.8e-09
uattacked1_10=6.8e-09
attackOnY1_10=0.0
y1_10=-5.66e-08
r1_10=-2e-10
r_10=2e-10
x1_11=-2.2e-09
x2_11=-8.9e-09
z1_11=-2.3e-09
z2_11=-9e-09
xabs1_11=2.2e-09
xabs2_11=8.9e-09
attackOnU1_11=0.0
u1_11=6.8e-09
uattacked1_11=6.8e-09
attackOnY1_11=0.0
y1_11=-8.9e-09
r1_11=1e-10
r_11=1e-10
attack on control signal component 1
[  0.           0.           0.           0.         -20.00000001
   5.60588706   0.          -3.08668087   0.           0.
   0.           0.           0.        ]
attack on sensor 1
[ 0.00000000e+00  0.00000000e+00  0.00000000e+00  0.00000000e+00
 -2.99999960e-03  9.12126983e+01  1.60073255e+01 -2.36911668e+01
  0.00000000e+00  0.00000000e+00  0.00000000e+00  0.00000000e+00
  0.00000000e+00]
