sat
x1_0=-1.07493e-05
x2_0=-9.75e-08
z1_0=0.0
z2_0=0.0
xabs1_0=1.07493e-05
xabs2_0=9.75e-08
attackOnU1_0=0.0
u1_0=0.0
uattacked1_0=0.0
attackOnY1_0=0.0
y1_0=0.0
r1_0=0.0
r_0=0.0
x1_1=-4.7789e-06
x2_1=-1.39515e-05
z1_1=0.0
z2_1=0.0
xabs1_1=4.7789e-06
xabs2_1=1.39515e-05
attackOnU1_1=0.0
u1_1=0.0
uattacked1_1=0.0
attackOnY1_1=0.0
y1_1=-1.39515e-05
r1_1=-1.39515e-05
r_1=1.39515e-05
x1_2=-1.4876e-06
x2_2=-1.2325e-05
z1_2=5.441e-07
z2_2=-6.0535e-06
xabs1_2=1.4876e-06
xabs2_2=1.2325e-05
attackOnU1_2=0.0
u1_2=0.0
uattacked1_2=0.0
attackOnY1_2=0.0
y1_2=-1.2325e-05
r1_2=-6.2714e-06
r_2=6.2714e-06
x1_3=-9.75e-08
x2_3=-7.3503e-06
z1_3=7.639e-07
z2_3=-4.6819e-06
xabs1_3=9.75e-08
xabs2_3=7.3503e-06
attackOnU1_3=0.0
u1_3=0.0
uattacked1_3=0.0
attackOnY1_3=0.0
y1_3=-7.3503e-06
r1_3=-2.6684e-06
r_3=2.6684e-06
x1_4=2.932e-07
x2_4=-3.3618e-06
z1_4=6.584e-07
z2_4=-2.2303e-06
xabs1_4=2.932e-07
xabs2_4=3.3618e-06
attackOnU1_4=-20.0000051227
u1_4=0.0
uattacked1_4=0.0
attackOnY1_4=3.821e-07
y1_4=-3.3618e-06
r1_4=-1.1315e-06
r_4=1.1315e-06
x1_5=2.844e-07
x2_5=-1.1004e-06
z1_5=4.392e-07
z2_5=-6.207e-07
xabs1_5=2.844e-07
xabs2_5=1.1004e-06
attackOnU1_5=17.704005105
u1_5=1.315e-07
uattacked1_5=-20.0000049912
attackOnY1_5=91.2110238299
y1_5=-7.182e-07
r1_5=-9.75e-08
r_5=9.75e-08
x1_6=-1.1000000975
x2_6=-91.2140228798
z1_6=2.349e-07
z2_6=8.525e-07
xabs1_6=1.1000000975
xabs2_6=91.2140228798
attackOnU1_6=-5.1031903601
u1_6=-9.78e-08
uattacked1_6=17.7040050071
attackOnY1_6=-39.1690814821
y1_6=-0.0029990498
r1_6=-0.0029999024
r_6=0.0029999024
x1_7=4.6618224798
x2_7=39.1669526384
z1_7=0.0001170563
z2_7=-0.0013014247
xabs1_7=4.6618224798
xabs2_7=39.1669526384
attackOnU1_7=0.0
u1_7=0.0001963557
uattacked1_7=-5.1029940043
attackOnY1_7=0.0
y1_7=-0.0021288437
r1_7=-0.0008274189
r_7=0.0008274189
x1_8=-9.75e-08
x2_8=-9.75e-08
z1_8=0.0001547642
z2_8=0.0001150746
xabs1_8=9.75e-08
xabs2_8=9.75e-08
attackOnU1_8=0.0
u1_8=-1.0653e-06
uattacked1_8=-1.0653e-06
attackOnY1_8=0.0
y1_8=-9.75e-08
r1_8=-0.0001151722
r_8=0.0001151722
x1_9=-9.75e-08
x2_9=-5.0279e-06
z1_9=6.80327e-05
z2_9=0.0001960732
xabs1_9=9.75e-08
xabs2_9=5.0279e-06
attackOnU1_9=0.0
u1_9=-1.0653e-06
uattacked1_9=-1.0653e-06
attackOnY1_9=0.0
y1_9=-5.0279e-06
r1_9=-0.0002011012
r_9=0.0002011012
x1_10=1.282e-07
x2_10=-7.1983e-06
z1_10=2.90787e-05
z2_10=8.22223e-05
xabs1_10=1.282e-07
xabs2_10=7.1983e-06
attackOnU1_10=0.0
u1_10=-8.8054e-06
uattacked1_10=-8.8054e-06
attackOnY1_10=0.0
y1_10=-7.1983e-06
r1_10=-8.94207e-05
r_10=8.94207e-05
attack on control signal component 1
[  0.           0.           0.           0.         -20.00000512
  17.70400511  -5.10319036   0.           0.           0.
   0.           0.        ]
attack on sensor 1
[ 0.00000000e+00  0.00000000e+00  0.00000000e+00  0.00000000e+00
  3.82100000e-07  9.12110238e+01 -3.91690815e+01  0.00000000e+00
  0.00000000e+00  0.00000000e+00  0.00000000e+00  0.00000000e+00]
