sat
x1_0=-0.01
x2_0=-0.0007631435
z1_0=0.0
z2_0=0.0
xabs1_0=0.01
xabs2_0=0.0007631435
attackOnU1_0=0.0978613221
u1_0=0.0
uattacked1_0=0.0
attackOnY1_0=-0.1023303441
y1_0=0.0
r1_0=0.0
r_0=0.0
x1_1=-0.007449174
x2_1=-0.0086488551
z1_1=0.0
z2_1=0.0
xabs1_1=0.007449174
xabs2_1=0.0086488551
attackOnU1_1=0.0
u1_1=0.0
uattacked1_1=0.0978613221
attackOnY1_1=0.0
y1_1=-0.1109791992
r1_1=-0.1109791992
r_1=0.1109791992
x1_2=0.0024620544
x2_2=0.2017631435
z1_2=0.0003995251
z2_2=-0.0719034231
xabs1_2=0.0024620544
xabs2_2=0.2017631435
attackOnU1_2=0.0
u1_2=0.0284691421
uattacked1_2=0.0284691421
attackOnY1_2=0.0
y1_2=0.2017631435
r1_2=0.2736665667
r_2=0.2736665667
x1_3=-0.0016677282
x2_3=0.2144404935
z1_3=0.0036330202
z2_3=0.1864470398
xabs1_3=0.0016677282
xabs2_3=0.2144404935
attackOnU1_3=0.0
u1_3=-0.0722784285
uattacked1_3=-0.0722784285
attackOnY1_3=0.0
y1_3=0.2144404935
r1_3=0.0279934536
r_3=0.0279934536
x1_4=-0.0131250929
x2_4=0.0
z1_4=-0.0084650673
z2_4=0.0015905646
xabs1_4=0.0131250929
xabs2_4=0.0
attackOnU1_4=0.0
u1_4=-0.0034236997
uattacked1_4=-0.0034236997
attackOnY1_4=0.0
y1_4=0.0
r1_4=-0.0015905646
r_4=0.0015905646
attack on control signal component 1
[0.09786132 0.         0.         0.         0.         0.        ]
attack on sensor 1
[-0.10233034  0.          0.          0.          0.          0.        ]
