sat
x1_0=-0.1
x2_0=-1.567e-07
z1_0=0.0
z2_0=0.0
xabs1_0=0.1
xabs2_0=1.567e-07
attackOnU1_0=51.2914881864
u1_0=0.0
uattacked1_0=0.0
attackOnY1_0=0.1289765977
y1_0=0.0
r1_0=0.0
r_0=0.0
x1_1=-0.0444999928
x2_1=-0.1293900689
z1_1=0.0
z2_1=0.0
xabs1_1=0.0444999928
xabs2_1=0.1293900689
attackOnU1_1=-3.1822373622
u1_1=0.0
uattacked1_1=51.2914881864
attackOnY1_1=-233.813733371
y1_1=-0.0004134712
r1_1=-0.0004134712
r_1=0.0004134712
x1_2=2.8071554186
x2_2=233.810554123
z1_2=1.61253e-05
z2_2=-0.0001794051
xabs1_2=2.8071554186
xabs2_2=233.810554123
attackOnU1_2=0.0
u1_2=2.70671e-05
uattacked1_2=-3.1822102951
attackOnY1_2=-92.0437142812
y1_2=-0.0031792484
r1_2=-0.0029998432
r_2=0.0029998432
x1_3=-9.6343607837
x2_3=92.0424778279
z1_3=0.0001338751
z2_3=-0.0012362965
xabs1_3=9.6343607837
xabs2_3=92.0424778279
attackOnU1_3=0.0
u1_3=2.70671e-05
uattacked1_3=-3.1822102951
attackOnY1_3=-13.5383406052
y1_3=-0.0012364533
r1_3=-1.567e-07
r_3=1.567e-07
x1_4=-8.6778575995
x2_4=13.5380928287
z1_4=0.0001176916
z2_4=-0.0002476197
xabs1_4=8.6778575995
xabs2_4=13.5380928287
attackOnU1_4=1.2041121005
u1_4=2.70671e-05
uattacked1_4=-3.1822102951
attackOnY1_4=19.7820844769
y1_4=-0.0002477765
r1_4=-1.567e-07
r_4=1.567e-07
x1_5=-4.6567128495
x2_5=-19.7819179778
z1_5=6.52085e-05
z2_5=0.0001666559
xabs1_5=4.6567128495
xabs2_5=19.7819179778
attackOnU1_5=0.0
u1_5=-1.7229e-05
uattacked1_5=1.2040948715
attackOnY1_5=9.2418845032
y1_5=0.0001664991
r1_5=-1.567e-07
r_5=1.567e-07
x1_6=-1.1000001567
x2_6=-9.2418055692
z1_6=2.04434e-05
z2_6=7.90907e-05
xabs1_6=1.1000001567
xabs2_6=9.2418055692
attackOnU1_6=0.0
u1_6=-1.7229e-05
uattacked1_6=1.2040948715
attackOnY1_6=0.0
y1_6=7.89339e-05
r1_6=-1.567e-07
r_6=1.567e-07
x1_7=-1.567e-07
x2_7=-1.75337e-05
z1_7=4.5335e-06
z2_7=-1.73769e-05
xabs1_7=1.567e-07
xabs2_7=1.75337e-05
attackOnU1_7=0.0
u1_7=2.9149e-06
uattacked1_7=2.9149e-06
attackOnY1_7=0.0
y1_7=-1.75337e-05
r1_7=-1.567e-07
r_7=1.567e-07
x1_8=8.936e-07
x2_8=5.3732e-06
z1_8=2.9797e-06
z2_8=1.14429e-05
xabs1_8=8.936e-07
xabs2_8=5.3732e-06
attackOnU1_8=0.0
u1_8=-1.3307e-06
uattacked1_8=-1.3307e-06
attackOnY1_8=0.0
y1_8=5.3732e-06
r1_8=-6.0697e-06
r_8=6.0697e-06
x1_9=7.83e-08
x2_9=-2.5478e-06
z1_9=9.654e-07
z2_9=1.896e-07
xabs1_9=7.83e-08
xabs2_9=2.5478e-06
attackOnU1_9=0.0
u1_9=-1.3307e-06
uattacked1_9=-1.3307e-06
attackOnY1_9=0.0
y1_9=-2.5478e-06
r1_9=-2.7374e-06
r_9=2.7374e-06
attack on control signal component 1
[51.29148819 -3.18223736  0.          0.          1.2041121   0.
  0.          0.          0.          0.          0.        ]
attack on sensor 1
[ 1.28976598e-01 -2.33813733e+02 -9.20437143e+01 -1.35383406e+01
  1.97820845e+01  9.24188450e+00  0.00000000e+00  0.00000000e+00
  0.00000000e+00  0.00000000e+00  0.00000000e+00]
