sat
x1_0=-0.0205842997
x2_0=-0.2
z1_0=0.0
z2_0=0.0
xabs1_0=0.0205842997
xabs2_0=0.2
attackOnU1_0=19.9045081631
u1_0=0.0
uattacked1_0=0.0
attackOnY1_0=0.1116740388
y1_0=0.0
r1_0=0.0
r_0=0.0
x1_1=-1.33e-08
x2_1=-0.1146740254
z1_1=0.0
z2_1=0.0
xabs1_1=1.33e-08
xabs2_1=0.1146740254
attackOnU1_1=-5.5763949737
u1_1=0.0
uattacked1_1=19.9045081631
attackOnY1_1=-90.7318011807
y1_1=-0.0029999866
r1_1=-0.0029999866
r_1=0.0029999866
x1_2=1.1000000133
x2_2=90.7280108562
z1_2=0.0001169994
z2_2=-0.0013016941
xabs1_2=1.1000000133
xabs2_2=90.7280108562
attackOnU1_2=0.0
u1_2=0.0001963884
uattacked1_2=-5.5761985853
attackOnY1_2=-15.9309972896
y1_2=-0.0037903245
r1_2=-0.0024886303
r_2=0.0024886303
x1_3=-3.9725338134
x2_3=15.930391508
z1_3=0.0002195403
z2_3=-0.0006057681
xabs1_3=3.9725338134
xabs2_3=15.930391508
attackOnU1_3=3.0695606634
u1_3=0.0001963884
uattacked1_3=-5.5761985853
attackOnY1_3=23.5597009695
y1_3=-0.0006057815
r1_3=-1.33e-08
r_3=1.33e-08
x1_4=-2.8040804002
x2_4=-23.5588720475
z1_4=0.0001362415
z2_4=0.0009130669
xabs1_4=2.8040804002
xabs2_4=23.5588720475
attackOnU1_4=0.0
u1_4=-0.0001162084
uattacked1_4=3.0694444549
attackOnY1_4=0.0
y1_4=0.000828922
r1_4=-8.41448e-05
r_4=8.41448e-05
x1_5=6.6e-09
x2_5=2.206e-07
z1_5=1.56991e-05
z2_5=1.17125e-05
xabs1_5=6.6e-09
xabs2_5=2.206e-07
attackOnU1_5=0.0
u1_5=-1.136e-07
uattacked1_5=-1.136e-07
attackOnY1_5=0.0
y1_5=2.206e-07
r1_5=-1.14918e-05
r_5=1.14918e-05
x1_6=-1.33e-08
x2_6=-4.126e-07
z1_6=6.8916e-06
z2_6=1.99643e-05
xabs1_6=1.33e-08
xabs2_6=4.126e-07
attackOnU1_6=0.0
u1_6=-1.136e-07
uattacked1_6=-1.136e-07
attackOnY1_6=0.0
y1_6=-4.126e-07
r1_6=-2.03769e-05
r_6=2.03769e-05
x1_7=6.6e-09
x2_7=-7.173e-07
z1_7=2.9408e-06
z2_7=8.3454e-06
xabs1_7=6.6e-09
xabs2_7=7.173e-07
attackOnU1_7=0.0
u1_7=-8.947e-07
uattacked1_7=-8.947e-07
attackOnY1_7=0.0
y1_7=-7.173e-07
r1_7=-9.0627e-06
r_7=9.0627e-06
attack on control signal component 1
[19.90450816 -5.57639497  0.          3.06956066  0.          0.
  0.          0.          0.        ]
attack on sensor 1
[  0.11167404 -90.73180118 -15.93099729  23.55970097   0.
   0.           0.           0.           0.        ]
