sat
x1_0=-0.0006320947
x2_0=-0.0049569061
z1_0=0.0
z2_0=0.0
xabs1_0=0.0006320947
xabs2_0=0.0049569061
attackOnU1_0=0.0
u1_0=0.0
uattacked1_0=0.0
attackOnY1_0=0.0
y1_0=0.0
r1_0=0.0
r_0=0.0
x1_1=-5.42558e-05
x2_1=-0.0029998975
z1_1=0.0
z2_1=0.0
xabs1_1=5.42558e-05
xabs2_1=0.0029998975
attackOnU1_1=0.0
u1_1=0.0
uattacked1_1=0.0
attackOnY1_1=0.0
y1_1=-0.0029998975
r1_1=-0.0029998975
r_1=0.0029998975
x1_2=0.0001132514
x2_2=-0.0013907565
z1_2=0.000116996
z2_2=-0.0013016555
xabs1_2=0.0001132514
xabs2_2=0.0013907565
attackOnU1_2=0.0
u1_2=0.0
uattacked1_2=0.0
attackOnY1_2=0.0
y1_2=-0.0013907565
r1_2=-8.9101e-05
r_2=8.9101e-05
x1_3=0.0001140935
x2_3=-0.000465675
z1_3=0.0001151539
z2_3=-0.0004602685
xabs1_3=0.0001140935
xabs2_3=0.000465675
attackOnU1_3=0.0
u1_3=0.0
uattacked1_3=0.0
attackOnY1_3=0.0
y1_3=-0.000465675
r1_3=-5.4064e-06
r_3=5.4064e-06
x1_4=7.20995e-05
x2_4=-5.73645e-05
z1_4=7.25346e-05
z2_4=-5.59583e-05
xabs1_4=7.20995e-05
xabs2_4=5.73645e-05
attackOnU1_4=0.0
u1_4=0.0
uattacked1_4=0.0
attackOnY1_4=0.0
y1_4=-5.73645e-05
r1_4=-1.4061e-06
r_4=1.4061e-06
x1_5=3.47115e-05
x2_5=6.80377e-05
z1_5=3.48956e-05
z2_5=6.86096e-05
xabs1_5=3.47115e-05
xabs2_5=6.80377e-05
attackOnU1_5=0.0
u1_5=0.0
uattacked1_5=0.0
attackOnY1_5=0.0
y1_5=6.80377e-05
r1_5=-5.718e-07
r_5=5.718e-07
x1_6=1.23305e-05
x2_6=7.48635e-05
z1_6=1.24085e-05
z2_6=7.51053e-05
xabs1_6=1.23305e-05
xabs2_6=7.48635e-05
attackOnU1_6=0.0
u1_6=-9.4402e-06
uattacked1_6=-9.4402e-06
attackOnY1_6=0.0
y1_6=7.48635e-05
r1_6=-2.417e-07
r_6=2.417e-07
x1_7=1.5391e-06
x2_7=5.8553e-06
z1_7=1.5721e-06
z2_7=5.9578e-06
xabs1_7=1.5391e-06
xabs2_7=5.8553e-06
attackOnU1_7=19.9999651948
u1_7=-9.4402e-06
uattacked1_7=-9.4402e-06
attackOnY1_7=-5.9e-08
y1_7=5.8553e-06
r1_7=-1.024e-07
r_7=1.024e-07
x1_8=-1.024e-07
x2_8=-3.8485e-05
z1_8=-8.84e-08
z2_8=-3.84416e-05
xabs1_8=1.024e-07
xabs2_8=3.8485e-05
attackOnU1_8=-17.7039663387
u1_8=5.4499e-06
uattacked1_8=19.9999706448
attackOnY1_8=-91.2138413737
y1_8=-3.85441e-05
r1_8=-1.024e-07
r_8=1.024e-07
x1_9=1.1000001024
x2_9=91.213849046
z1_9=2.025e-06
z2_9=7.7748e-06
xabs1_9=1.1000001024
xabs2_9=91.213849046
attackOnU1_9=5.1029808922
u1_9=-9.041e-07
uattacked1_9=-17.7039672428
attackOnY1_9=39.1668463793
y1_9=7.6723e-06
r1_9=-1.024e-07
r_9=1.024e-07
x1_10=-4.661812439
x2_10=-39.1668569218
z1_10=4.993e-07
z2_10=1.8745e-06
xabs1_10=4.661812439
xabs2_10=39.1668569218
attackOnU1_10=0.0
u1_10=-2.169e-07
uattacked1_10=5.1029806753
attackOnY1_10=0.0
y1_10=-1.05424e-05
r1_10=-1.2417e-05
r_10=1.2417e-05
x1_11=-5.512e-07
x2_11=-5.5657e-06
z1_11=6.086e-07
z2_11=-4.9057e-06
xabs1_11=5.512e-07
xabs2_11=5.5657e-06
attackOnU1_11=0.0
u1_11=7.566e-07
uattacked1_11=7.566e-07
attackOnY1_11=0.0
y1_11=-5.5657e-06
r1_11=-6.6e-07
r_11=6.6e-07
x1_12=5.12e-08
x2_12=2.877e-07
z1_12=5.629e-07
z2_12=1.7927e-06
xabs1_12=5.12e-08
xabs2_12=2.877e-07
attackOnU1_12=0.0
u1_12=7.566e-07
uattacked1_12=7.566e-07
attackOnY1_12=0.0
y1_12=2.877e-07
r1_12=-1.5049e-06
r_12=1.5049e-06
x1_13=5.12e-08
x2_13=3.644e-06
z1_13=2.686e-07
z2_13=4.3155e-06
xabs1_13=5.12e-08
xabs2_13=3.644e-06
attackOnU1_13=0.0
u1_13=7.566e-07
uattacked1_13=7.566e-07
attackOnY1_13=0.0
y1_13=3.644e-06
r1_13=-6.715e-07
r_13=6.715e-07
attack on control signal component 1
[  0.           0.           0.           0.           0.
   0.           0.          19.99996519 -17.70396634   5.10298089
   0.           0.           0.           0.           0.        ]
attack on sensor 1
[ 0.00000000e+00  0.00000000e+00  0.00000000e+00  0.00000000e+00
  0.00000000e+00  0.00000000e+00  0.00000000e+00 -5.90000000e-08
 -9.12138414e+01  3.91668464e+01  0.00000000e+00  0.00000000e+00
  0.00000000e+00  0.00000000e+00  0.00000000e+00]
