sat
x1_0=-5.3846e-05
x2_0=-0.000535938
z1_0=0.0
z2_0=0.0
xabs1_0=5.3846e-05
xabs2_0=0.000535938
attackOnU1_0=0.0
u1_0=0.0
uattacked1_0=0.0
attackOnY1_0=0.0
y1_0=0.0
r1_0=0.0
r_0=0.0
x1_1=5.844e-07
x2_1=-0.0003055913
z1_1=0.0
z2_1=0.0
xabs1_1=5.844e-07
xabs2_1=0.0003055913
attackOnU1_1=0.0
u1_1=0.0
uattacked1_1=0.0
attackOnY1_1=0.0
y1_1=-0.0003055913
r1_1=-0.0003055913
r_1=0.0003055913
x1_2=1.42561e-05
x2_2=-0.000133765
z1_2=1.1918e-05
z2_2=-0.000132596
xabs1_2=1.42561e-05
xabs2_2=0.000133765
attackOnU1_2=19.9998793854
u1_2=0.0
uattacked1_2=0.0
attackOnY1_2=-0.0030018489
y1_2=-0.000133765
r1_2=-1.1689e-06
r_2=1.1689e-06
x1_3=1.24704e-05
x2_3=-4.04372e-05
z1_3=1.1422e-05
z2_3=-4.34552e-05
xabs1_3=1.24704e-05
xabs2_3=4.04372e-05
attackOnU1_3=-17.7040787158
u1_3=7.2979e-06
uattacked1_3=19.9998866834
attackOnY1_3=-91.2147549601
y1_3=-0.0030422862
r1_3=-0.002998831
r_3=0.002998831
x1_4=1.1000011689
x2_4=91.2134815323
z1_4=0.0001244288
z2_4=-0.0012722588
xabs1_4=1.1000011689
xabs2_4=91.2134815323
attackOnU1_4=5.1030249454
u1_4=0.0001929418
uattacked1_4=-17.703885774
attackOnY1_4=39.1670025118
y1_4=-0.0012734278
r1_4=-1.1689e-06
r_4=1.1689e-06
x1_5=-4.6617906515
x2_5=-39.1666457664
z1_5=0.0001242976
z2_5=0.0004803929
xabs1_5=4.6617906515
xabs2_5=39.1666457664
attackOnU1_5=0.0
u1_5=-5.59476e-05
uattacked1_5=5.1029689977
attackOnY1_5=0.0
y1_5=0.0003567454
r1_5=-0.0001236475
r_5=0.0001236475
x1_6=-1.1689e-06
x2_6=6.23178e-05
z1_6=3.50556e-05
z2_6=6.34867e-05
xabs1_6=1.1689e-06
xabs2_6=6.23178e-05
attackOnU1_6=0.0
u1_6=-5.5551e-06
uattacked1_6=-5.5551e-06
attackOnY1_6=0.0
y1_6=6.23178e-05
r1_6=-1.1689e-06
r_6=1.1689e-06
x1_7=-3.6798e-06
x2_7=5.844e-07
z1_7=1.24321e-05
z2_7=4.74628e-05
xabs1_7=3.6798e-06
xabs2_7=5.844e-07
attackOnU1_7=0.0
u1_7=-5.5551e-06
uattacked1_7=-5.5551e-06
attackOnY1_7=0.0
y1_7=5.844e-07
r1_7=-4.68783e-05
r_7=4.68783e-05
x1_8=-1.9698e-06
x2_8=-2.98393e-05
z1_8=4.8812e-06
z2_8=-8.6967e-06
xabs1_8=1.9698e-06
xabs2_8=2.98393e-05
attackOnU1_8=0.0
u1_8=1.7167e-06
uattacked1_8=1.7167e-06
attackOnY1_8=0.0
y1_8=-2.98393e-05
r1_8=-2.11426e-05
r_8=2.11426e-05
attack on control signal component 1
[  0.           0.          19.99987939 -17.70407872   5.10302495
   0.           0.           0.           0.           0.        ]
attack on sensor 1
[ 0.00000000e+00  0.00000000e+00 -3.00184890e-03 -9.12147550e+01
  3.91670025e+01  0.00000000e+00  0.00000000e+00  0.00000000e+00
  0.00000000e+00  0.00000000e+00]
