sat
x1_0=-0.1
x2_0=-0.2
z1_0=0.0
z2_0=0.0
xabs1_0=0.1
xabs2_0=0.2
attackOnU1_0=-19.8951404185
u1_0=0.0
uattacked1_0=0.0
attackOnY1_0=0.2174292709
y1_0=0.0
r1_0=0.0
r_0=0.0
x1_1=-0.03534
x2_1=-0.21743
z1_1=0.0
z2_1=0.0
xabs1_1=0.03534
xabs2_1=0.21743
attackOnU1_1=0.0
u1_1=0.0
uattacked1_1=-19.8951404185
attackOnY1_1=90.8772049735
y1_1=-7.29e-07
r1_1=-7.29e-07
r_1=7.29e-07
x1_2=-1.100000729
x2_2=-90.8772060188
z1_2=2.84e-08
z2_2=-3.163e-07
xabs1_2=1.100000729
xabs2_2=90.8772060188
attackOnU1_2=0.0
u1_2=0.0
uattacked1_2=-19.8951404185
attackOnY1_2=132.16020425
y1_2=-1.0453e-06
r1_2=-7.29e-07
r_2=7.29e-07
x1_3=2.5784429882
x2_3=-132.16320394
z1_3=5.55e-08
z2_3=-4.187e-07
xabs1_3=2.5784429882
xabs2_3=132.16320394
attackOnU1_3=0.0
u1_3=0.0
uattacked1_3=-19.8951404185
attackOnY1_3=145.576459673
y1_3=-0.0029996897
r1_3=-0.0029992709
r_3=0.0029992709
x1_4=6.1062491471
x2_4=-145.577761899
z1_4=0.0001170154
z2_4=-0.0013014961
xabs1_4=6.1062491471
xabs2_4=145.577761899
attackOnU1_4=34.5179026846
u1_4=0.0
uattacked1_4=-19.8951404185
attackOnY1_4=146.917799365
y1_4=-0.0013022251
r1_4=-7.29e-07
r_4=7.29e-07
x1_5=8.2905096424
x2_5=-146.918221923
z1_5=0.0001117088
z2_5=-0.0004218285
xabs1_5=8.2905096424
xabs2_5=146.918221923
attackOnU1_5=-13.482171246
u1_5=7.09253e-05
uattacked1_5=34.51797361
attackOnY1_5=-103.479530104
y1_5=-0.0004225576
r1_5=-7.29e-07
r_5=7.29e-07
x1_6=12.3166199035
x2_6=103.479811379
z1_6=7.29595e-05
z2_6=0.0002820039
xabs1_6=12.3166199035
xabs2_6=103.479811379
attackOnU1_6=0.0
u1_6=-3.28434e-05
uattacked1_6=-13.4822040895
attackOnY1_6=0.0
y1_6=0.0002812749
r1_6=-7.29e-07
r_6=7.29e-07
x1_7=-7.29e-07
x2_7=-7.29e-07
z1_7=1.77732e-05
z2_7=6.84349e-05
xabs1_7=7.29e-07
xabs2_7=7.29e-07
attackOnU1_7=0.0
u1_7=-7.9635e-06
uattacked1_7=-7.9635e-06
attackOnY1_7=0.0
y1_7=-7.29e-07
r1_7=-6.91639e-05
r_7=6.91639e-05
x1_8=-7.29e-07
x2_8=-3.75835e-05
z1_8=7.0341e-06
z2_8=-1.32077e-05
xabs1_8=7.29e-07
xabs2_8=3.75835e-05
attackOnU1_8=0.0
u1_8=-7.9635e-06
uattacked1_8=-7.9635e-06
attackOnY1_8=0.0
y1_8=-3.75835e-05
r1_8=-2.43758e-05
r_8=2.43758e-05
x1_9=9.589e-07
x2_9=-5.38069e-05
z1_9=4.2477e-06
z2_9=-4.36085e-05
xabs1_9=9.589e-07
xabs2_9=5.38069e-05
attackOnU1_9=0.0
u1_9=-7.9635e-06
uattacked1_9=-7.9635e-06
attackOnY1_9=0.0
y1_9=-5.38069e-05
r1_9=-1.01983e-05
r_9=1.01983e-05
attack on control signal component 1
[-19.89514042   0.           0.           0.          34.51790268
 -13.48217125   0.           0.           0.           0.
   0.        ]
attack on sensor 1
[   0.21742927   90.87720497  132.16020425  145.57645967  146.91779937
 -103.4795301     0.            0.            0.            0.
    0.        ]
