sat
x1_0=-2.832e-07
x2_0=-2.057e-07
z1_0=0.0
z2_0=0.0
xabs1_0=2.832e-07
xabs2_0=2.057e-07
attackOnU1_0=-13.8364787792
u1_0=0.0
uattacked1_0=0.0
attackOnY1_0=1.762e-07
y1_0=0.0
r1_0=0.0
r_0=0.0
x1_1=-2.057e-07
x2_1=-3.819e-07
z1_1=0.0
z2_1=0.0
xabs1_1=2.057e-07
xabs2_1=3.819e-07
attackOnU1_1=20.6329177707
u1_1=0.0
uattacked1_1=-13.8364787792
attackOnY1_1=30.2870525707
y1_1=-2.057e-07
r1_1=-2.057e-07
r_1=2.057e-07
x1_2=-1.1000002057
x2_2=-30.2880524983
z1_2=7e-10
z2_2=-1.332e-07
xabs1_2=1.1000002057
xabs2_2=30.2880524983
attackOnU1_2=-8.011979216
u1_2=5.27e-08
uattacked1_2=20.6329178235
attackOnY1_2=-21.7401931936
y1_2=-0.0009999275
r1_2=-0.0009997942
r_2=0.0009997942
x1_3=1.6847451147
x2_3=21.7392070855
z1_3=3.6078e-06
z2_3=-0.0006477497
xabs1_3=1.6847451147
xabs2_3=21.7392070855
attackOnU1_3=0.0
u1_3=0.0002564702
uattacked1_3=-8.0117227458
attackOnY1_3=0.0
y1_3=-0.0009861081
r1_3=-0.0003383583
r_3=0.0003383583
x1_4=-2.057e-07
x2_4=-7.4571e-05
z1_4=4.28285e-05
z2_4=-0.0001368842
xabs1_4=2.057e-07
xabs2_4=7.4571e-05
attackOnU1_4=0.0
u1_4=6.80966e-05
uattacked1_4=6.80966e-05
attackOnY1_4=0.0
y1_4=-7.4571e-05
r1_4=6.23132e-05
r_4=6.23132e-05
x1_5=7.3927e-06
x2_5=9.34089e-05
z1_5=4.11014e-05
z2_5=0.0001221903
xabs1_5=7.3927e-06
xabs2_5=9.34089e-05
attackOnU1_5=0.0
u1_5=-3.45753e-05
uattacked1_5=-3.45753e-05
attackOnY1_5=0.0
y1_5=9.34089e-05
r1_5=-2.87814e-05
r_5=2.87814e-05
x1_6=1.028e-07
x2_6=-2.057e-07
z1_6=2.45671e-05
z2_6=2.9803e-05
xabs1_6=1.028e-07
xabs2_6=2.057e-07
attackOnU1_6=0.0
u1_6=-3.6284e-06
uattacked1_6=-3.6284e-06
attackOnY1_6=0.0
y1_6=-2.057e-07
r1_6=-3.00087e-05
r_6=3.00087e-05
attack on control signal component 1
[-13.83647878  20.63291777  -8.01197922   0.           0.
   0.           0.           0.        ]
attack on sensor 1
[ 1.76200000e-07  3.02870526e+01 -2.17401932e+01  0.00000000e+00
  0.00000000e+00  0.00000000e+00  0.00000000e+00  0.00000000e+00]
