sat
x1_0=-0.0021952685
x2_0=-0.0003604356
z1_0=0.0
z2_0=0.0
xabs1_0=0.0021952685
xabs2_0=0.0003604356
attackOnU1_0=0.0
u1_0=0.0
uattacked1_0=0.0
attackOnY1_0=0.0
y1_0=0.0
r1_0=0.0
r_0=0.0
x1_1=-0.0009603865
x2_1=-0.0029991216
z1_1=0.0
z2_1=0.0
xabs1_1=0.0009603865
xabs2_1=0.0029991216
attackOnU1_1=0.0
u1_1=0.0
uattacked1_1=0.0
attackOnY1_1=0.0
y1_1=-0.0029991216
r1_1=-0.0029991216
r_1=0.0029991216
x1_2=-0.0002900122
x2_2=-0.0025628574
z1_2=0.0001169657
z2_2=-0.0013013188
xabs1_2=0.0002900122
xabs2_2=0.0025628574
attackOnU1_2=0.0
u1_2=0.0001963318
uattacked1_2=0.0001963318
attackOnY1_2=0.0
y1_2=-0.0025628574
r1_2=-0.0012615386
r_2=0.0012615386
x1_3=-8.783e-07
x2_3=-0.0006080062
z1_3=0.0001716484
z2_3=-7.34697e-05
xabs1_3=8.783e-07
xabs2_3=0.0006080062
attackOnU1_3=0.0
u1_3=0.0001963318
uattacked1_3=0.0001963318
attackOnY1_3=0.0
y1_3=-0.0006080062
r1_3=-0.0005345365
r_3=0.0005345365
x1_4=3.8254e-05
x2_4=0.0006266296
z1_4=0.0001113936
z2_4=0.0008532295
xabs1_4=3.8254e-05
xabs2_4=0.0006266296
attackOnU1_4=-21.0918116707
u1_4=0.0001963318
uattacked1_4=0.0001963318
attackOnY1_4=9.51845e-05
y1_4=0.0006266296
r1_4=-0.0002265999
r_4=0.0002265999
x1_5=-8.783e-07
x2_5=0.0012207497
z1_5=3.01278e-05
z2_5=0.0013168126
xabs1_5=8.783e-07
xabs2_5=0.0012207497
attackOnU1_5=13.9512747739
u1_5=-0.0001840137
uattacked1_5=-21.0919956845
attackOnY1_5=96.1935079508
y1_5=0.0013159342
r1_5=-8.783e-07
r_5=8.783e-07
x1_6=-1.1601160638
x2_6=-96.193728481
z1_6=-5.69896e-05
z2_6=-0.0002209692
xabs1_6=1.1601160638
xabs2_6=96.193728481
attackOnU1_6=-1.2041417706
u1_6=2.57527e-05
uattacked1_6=13.9513005267
attackOnY1_6=-19.7815473512
y1_6=-0.0002205301
r1_6=4.391e-07
r_6=4.391e-07
x1_7=4.6567426449
x2_7=19.7821428599
z1_7=-1.38407e-05
z2_7=-5.33683e-05
xabs1_7=4.6567426449
xabs2_7=19.7821428599
attackOnU1_7=0.0
u1_7=6.2122e-06
uattacked1_7=-1.2041355583
attackOnY1_7=-9.24217301
y1_7=0.0005955087
r1_7=0.000648877
r_7=0.000648877
x1_8=1.1000008783
x2_8=9.2417575541
z1_8=-2.86793e-05
z2_8=0.0002684786
xabs1_8=1.1000008783
xabs2_8=9.2417575541
attackOnU1_8=0.0
u1_8=6.2122e-06
uattacked1_8=-1.2041355583
attackOnY1_8=0.0
y1_8=-0.0004154558
r1_8=-0.0006839345
r_8=0.0006839345
x1_9=4.391e-07
x2_9=-0.0001882293
z1_9=1.9564e-06
z2_9=-0.000187351
xabs1_9=4.391e-07
xabs2_9=0.0001882293
attackOnU1_9=0.0
u1_9=2.67969e-05
uattacked1_9=2.67969e-05
attackOnY1_9=0.0
y1_9=-0.0001882293
r1_9=-8.783e-07
r_9=8.783e-07
x1_10=1.02901e-05
x2_10=3.99225e-05
z1_10=1.09593e-05
z2_10=4.18913e-05
xabs1_10=1.02901e-05
xabs2_10=3.99225e-05
attackOnU1_10=0.0
u1_10=-4.8668e-06
uattacked1_10=-4.8668e-06
attackOnY1_10=0.0
y1_10=3.99225e-05
r1_10=-1.9687e-06
r_10=1.9687e-06
x1_11=2.4829e-06
x2_11=8.6919e-06
z1_11=2.7674e-06
z2_11=9.5703e-06
xabs1_11=2.4829e-06
xabs2_11=8.6919e-06
attackOnU1_11=0.0
u1_11=-4.8668e-06
uattacked1_11=-4.8668e-06
attackOnY1_11=0.0
y1_11=8.6919e-06
r1_11=-8.783e-07
r_11=8.783e-07
attack on control signal component 1
[  0.           0.           0.           0.         -21.09181167
  13.95127477  -1.20414177   0.           0.           0.
   0.           0.           0.        ]
attack on sensor 1
[ 0.00000000e+00  0.00000000e+00  0.00000000e+00  0.00000000e+00
  9.51845000e-05  9.61935080e+01 -1.97815474e+01 -9.24217301e+00
  0.00000000e+00  0.00000000e+00  0.00000000e+00  0.00000000e+00
  0.00000000e+00]
