sat
x1_0=2.5
x2_0=3.0
z1_0=0.0
z2_0=0.0
xabs1_0=2.5
xabs2_0=3.0
attackOnU1_0=0.0
u1_0=0.0
uattacked1_0=0.0
attackOnY1_0=-4.7697629451
y1_0=0.0
r1_0=0.0
r_0=0.0
x1_1=2.8
x2_1=3.0
z1_1=0.0
z2_1=0.0
xabs1_1=2.8
xabs2_1=3.0
attackOnU1_1=0.0
u1_1=0.0
uattacked1_1=0.0
attackOnY1_1=-3.075102408
y1_1=-1.9697629451
r1_1=-1.9697629451
r_1=1.9697629451
x1_2=3.1
x2_2=3.0
z1_2=-1.9504592682
z2_2=-1.9484895053
xabs1_2=3.1
xabs2_2=3.0
attackOnU1_2=0.0
u1_2=42.2989894397
uattacked1_2=42.2989894397
attackOnY1_2=-1.6139529956
y1_2=0.0248975919
r1_2=1.9753568602
r_2=1.9753568602
x1_3=3.6114949471
x2_3=7.2298989439
z1_3=0.0221850913
z2_3=4.2354324447
xabs1_3=3.6114949471
xabs2_3=7.2298989439
attackOnU1_3=0.0
u1_3=42.2989894397
uattacked1_3=42.2989894397
attackOnY1_3=0.0425987174
y1_3=1.9975419515
r1_3=1.9753568602
r_3=1.9753568602
x1_4=4.5459797887
x2_4=11.4597978879
z1_4=2.613221646
z2_4=10.4193543948
xabs1_4=4.5459797887
xabs2_4=11.4597978879
attackOnU1_4=0.0
u1_4=42.2989894397
uattacked1_4=42.2989894397
attackOnY1_4=1.8945527311
y1_4=4.5885785062
r1_4=1.9753568602
r_4=1.9753568602
x1_5=5.9034545247
x2_5=15.6896968319
z1_5=5.8226503957
z2_5=16.6032763449
xabs1_5=5.9034545247
xabs2_5=15.6896968319
attackOnU1_5=0.0
u1_5=-187.349321694
uattacked1_5=-187.349321694
attackOnY1_5=3.2439895054
y1_5=7.7980072559
r1_5=1.9753568602
r_5=1.9753568602
x1_6=6.5356775995
x2_6=-3.0452353374
z1_6=8.5022297847
z2_6=-0.1776328182
xabs1_6=6.5356775995
xabs2_6=3.0452353374
attackOnU1_6=0.0
u1_6=-135.286651352
uattacked1_6=-135.286651352
attackOnY1_6=1.5428740113
y1_6=9.7796671049
r1_6=1.2774373201
r_6=1.2774373201
x1_7=5.554720809
x2_7=-16.5739004726
z1_7=9.0729516805
z2_7=-12.4426569563
xabs1_7=5.554720809
xabs2_7=16.5739004726
attackOnU1_7=0.0
u1_7=-74.9884178121
uattacked1_7=-74.9884178121
attackOnY1_7=0.0
y1_7=7.0975948203
r1_7=-1.9753568602
r_7=1.9753568602
x1_8=3.5223886726
x2_8=-24.0727422538
z1_8=5.4977455329
z2_8=-21.8955217436
xabs1_8=3.5223886726
xabs2_8=24.0727422538
attackOnU1_8=0.0
u1_8=-74.9884178121
uattacked1_8=-74.9884178121
attackOnY1_8=0.0
y1_8=3.5223886726
r1_8=-1.9753568602
r_8=1.9753568602
x1_9=0.7401723582
x2_9=-31.571584035
z1_9=0.9772529064
z2_9=-31.348386531
xabs1_9=0.7401723582
xabs2_9=31.571584035
attackOnU1_9=0.0
u1_9=161.835274674
uattacked1_9=161.835274674
attackOnY1_9=0.0
y1_9=0.7401723582
r1_9=-0.2370805482
r_9=0.2370805482
x1_10=-1.6078096718
x2_10=-15.3880565676
z1_10=-1.5831665321
z2_10=-15.3993791419
xabs1_10=1.6078096718
xabs2_10=15.3880565676
attackOnU1_10=0.0
u1_10=112.57284072
uattacked1_10=112.57284072
attackOnY1_10=0.0
y1_10=-1.6078096718
r1_10=-0.0246431397
r_10=0.0246431397
attack on control signal component 1
[0. 0. 0. 0. 0. 0. 0. 0. 0. 0. 0. 0.]
attack on sensor 1
[-4.76976295 -3.07510241 -1.613953    0.04259872  1.89455273  3.24398951
  1.54287401  0.          0.          0.          0.          0.        ]
