sat
x1_0=2.5
x2_0=2.9817809832
z1_0=0.0
z2_0=0.0
xabs1_0=2.5
xabs2_0=2.9817809832
attackOnU1_0=0.0
u1_0=0.0
uattacked1_0=0.0
attackOnY1_0=-2.7893701339
y1_0=0.0
r1_0=0.0
r_0=0.0
x1_1=2.7981780983
x2_1=2.9817809832
z1_1=0.0
z2_1=0.0
xabs1_1=2.7981780983
xabs2_1=2.9817809832
attackOnU1_1=0.0
u1_1=0.0
uattacked1_1=0.0
attackOnY1_1=-1.8916653538
y1_1=0.0088079643
r1_1=0.0088079643
r_1=0.0088079643
x1_2=3.0963561966
x2_2=2.9817809832
z1_2=0.0087216462
z2_2=0.0087128383
xabs1_2=3.0963561966
xabs2_2=2.9817809832
attackOnU1_2=0.0
u1_2=0.0
uattacked1_2=0.0
attackOnY1_2=-2.2183085951
y1_2=1.2046908428
r1_2=1.1959691965
r_2=1.1959691965
x1_3=3.3945342949
x2_3=2.9817809832
z1_3=1.1938416285
z2_3=1.1917655675
xabs1_3=3.3945342949
xabs2_3=2.9817809832
attackOnU1_3=0.0
u1_3=0.0
uattacked1_3=0.0
attackOnY1_3=-0.4147534292
y1_3=1.1762256998
r1_3=-0.0176159286
r_3=0.0176159286
x1_4=3.6927123932
x2_4=2.9817809832
z1_4=1.2955748926
z2_4=1.1743398908
xabs1_4=3.6927123932
xabs2_4=2.9817809832
attackOnU1_4=0.0
u1_4=0.0
uattacked1_4=0.0
attackOnY1_4=1.3674591689
y1_4=3.277958964
r1_4=1.9823840713
r_4=1.9823840713
x1_5=3.9908904916
x2_5=2.9817809832
z1_5=3.3759655892
z2_5=3.1353142142
xabs1_5=3.9908904916
xabs2_5=2.9817809832
attackOnU1_5=0.0
u1_5=-71.870179732
uattacked1_5=-71.870179732
attackOnY1_5=3.3457691994
y1_5=5.3583496605
r1_5=1.9823840713
r_5=1.9823840713
x1_6=3.9297176912
x2_6=-4.2052369899
z1_6=5.2931028194
z2_6=-2.0907294356
xabs1_6=3.9297176912
xabs2_6=4.2052369899
attackOnU1_6=0.0
u1_6=-73.0113686053
uattacked1_6=-73.0113686053
attackOnY1_6=1.5554085196
y1_6=7.2754868907
r1_6=1.9823840713
r_6=1.9823840713
x1_7=3.1441371492
x2_7=-11.5063738505
z1_7=6.6819297402
z2_7=-7.4308919727
xabs1_7=3.1441371492
xabs2_7=11.5063738505
attackOnU1_7=0.0
u1_7=-65.0374735938
uattacked1_7=-65.0374735938
attackOnY1_7=0.0
y1_7=4.6995456689
r1_7=-1.9823840713
r_7=1.9823840713
x1_8=1.6683123962
x2_8=-18.0101212098
z1_8=3.6506964675
z2_8=-15.8956136555
xabs1_8=1.6683123962
xabs2_8=18.0101212098
attackOnU1_8=0.0
u1_8=-65.0374735938
uattacked1_8=-65.0374735938
attackOnY1_8=0.0
y1_8=1.6683123962
r1_8=-1.9823840713
r_8=1.9823840713
x1_9=-0.4578870927
x2_9=-24.5138685692
z1_9=-0.2270089733
z2_9=-24.3603353382
xabs1_9=0.4578870927
xabs2_9=24.5138685692
attackOnU1_9=0.0
u1_9=-65.0374735938
uattacked1_9=-65.0374735938
attackOnY1_9=0.0
y1_9=-0.4578870927
r1_9=-0.2308781193
r_9=0.2308781193
x1_10=-3.2344613176
x2_10=-31.0176159286
z1_10=-3.2168453889
z2_10=-31.0924673333
xabs1_10=3.2344613176
xabs2_10=31.0176159286
attackOnU1_10=0.0
u1_10=227.618443488
uattacked1_10=227.618443488
attackOnY1_10=0.0
y1_10=-3.2344613176
r1_10=-0.0176159286
r_10=0.0176159286
attack on control signal component 1
[0. 0. 0. 0. 0. 0. 0. 0. 0. 0. 0. 0.]
attack on sensor 1
[-2.78937013 -1.89166535 -2.2183086  -0.41475343  1.36745917  3.3457692
  1.55540852  0.          0.          0.          0.          0.        ]
