sat
x1_0=1.6980228134
x2_0=3.0
z1_0=0.0
z2_0=0.0
xabs1_0=1.6980228134
xabs2_0=3.0
attackOnU1_0=0.0
u1_0=0.0
uattacked1_0=0.0
attackOnY1_0=0.0
y1_0=0.0
r1_0=0.0
r_0=0.0
x1_1=1.9980228134
x2_1=3.0
z1_1=0.0
z2_1=0.0
xabs1_1=1.9980228134
xabs2_1=3.0
attackOnU1_1=0.0
u1_1=0.0
uattacked1_1=0.0
attackOnY1_1=0.0
y1_1=1.9980228134
r1_1=1.9980228134
r_1=1.9980228134
x1_2=2.2980228134
x2_2=3.0
z1_2=1.9784421898
z2_2=1.976444167
xabs1_2=2.2980228134
xabs2_2=3.0
attackOnU1_2=0.0
u1_2=0.0
uattacked1_2=0.0
attackOnY1_2=0.3693214172
y1_2=2.2980228134
r1_2=0.3195806235
r_2=0.3195806235
x1_3=2.5980228134
x2_3=3.0
z1_3=2.49253534
z2_3=2.2925733198
xabs1_3=2.5980228134
xabs2_3=3.0
attackOnU1_3=0.0
u1_3=0.0
uattacked1_3=0.0
attackOnY1_3=2.2919484354
y1_3=2.9673442306
r1_3=0.4748088906
r_3=0.4748088906
x1_4=2.8980228134
x2_4=3.0
z1_4=3.1919484354
z2_4=2.7622542744
xabs1_4=2.8980228134
xabs2_4=3.0
attackOnU1_4=0.0
u1_4=0.0
uattacked1_4=0.0
attackOnY1_4=4.2466160527
y1_4=5.1899712488
r1_4=1.9980228134
r_4=1.9980228134
x1_5=3.1980228134
x2_5=3.0
z1_5=5.4466160527
z2_5=4.7386984414
xabs1_5=3.1980228134
xabs2_5=3.0
attackOnU1_5=0.0
u1_5=-114.141802965
uattacked1_5=-114.141802965
attackOnY1_5=6.3989280867
y1_5=7.4446388661
r1_5=1.9980228134
r_5=1.9980228134
x1_6=2.9273137985
x2_6=-8.4141802964
z1_6=7.3282190719
z2_6=-4.6990376879
xabs1_6=2.9273137985
xabs2_6=8.4141802964
attackOnU1_6=0.0
u1_6=-90.8659261704
uattacked1_6=-90.8659261704
attackOnY1_6=4.7528389106
y1_6=9.3262418853
r1_6=1.9980228134
r_6=1.9980228134
x1_7=1.631566138
x2_7=-17.5007729134
z1_7=8.3824278621
z2_7=-11.8091861379
xabs1_7=1.631566138
xabs2_7=17.5007729134
attackOnU1_7=0.0
u1_7=-67.5060213654
uattacked1_7=-67.5060213654
attackOnY1_7=3.4059405132
y1_7=6.3844050487
r1_7=-1.9980228134
r_7=1.9980228134
x1_8=-0.45604126
x2_8=-24.25137505
z1_8=4.8855369516
z2_8=-20.5362324415
xabs1_8=0.45604126
xabs2_8=24.25137505
attackOnU1_8=0.0
u1_8=-67.5060213654
uattacked1_8=-67.5060213654
attackOnY1_8=1.7984012101
y1_8=2.9498992531
r1_8=-1.9356376985
r_8=1.9356376985
x1_9=-3.2187088719
x2_9=-31.0019771865
z1_9=0.5777151516
z2_9=-29.2015673894
xabs1_9=3.2187088719
xabs2_9=31.0019771865
attackOnU1_9=0.0
u1_9=156.084225449
uattacked1_9=156.084225449
attackOnY1_9=0.0
y1_9=-1.4203076617
r1_9=-1.9980228134
r_9=1.9980228134
x1_10=-5.5384854633
x2_10=-15.3935546417
z1_10=-3.5404626499
z2_10=-15.5695890115
xabs1_10=5.5384854633
xabs2_10=15.3935546417
attackOnU1_10=0.0
u1_10=156.084225449
uattacked1_10=156.084225449
attackOnY1_10=0.0
y1_10=-5.5384854633
r1_10=-1.9980228134
r_10=1.9980228134
x1_11=-6.2974198002
x2_11=0.2148679031
z1_11=-6.2954426136
z2_11=-1.9376106337
xabs1_11=6.2974198002
xabs2_11=0.2148679031
attackOnU1_11=0.0
u1_11=156.084225449
uattacked1_11=156.084225449
attackOnY1_11=0.0
y1_11=-6.2974198002
r1_11=-0.0019771865
r_11=0.0019771865
x1_12=-5.4955118826
x2_12=15.823290448
z1_12=-5.7107403599
z2_12=13.6688560781
xabs1_12=5.4955118826
xabs2_12=15.823290448
attackOnU1_12=0.0
u1_12=156.084225449
uattacked1_12=156.084225449
attackOnY1_12=0.0
y1_12=-5.4955118826
r1_12=0.2152284772
r_12=0.2152284772
attack on control signal component 1
[0. 0. 0. 0. 0. 0. 0. 0. 0. 0. 0. 0. 0. 0.]
attack on sensor 1
[0.         0.         0.36932142 2.29194844 4.24661605 6.39892809
 4.75283891 3.40594051 1.79840121 0.         0.         0.
 0.         0.        ]
