sat
x1_0=-1.9030860154
x2_0=-3.0
z1_0=0.0
z2_0=0.0
xabs1_0=1.9030860154
xabs2_0=3.0
attackOnU1_0=0.0
u1_0=0.0
uattacked1_0=0.0
attackOnY1_0=-7.0759348821
y1_0=0.0
r1_0=0.0
r_0=0.0
x1_1=-2.2030860154
x2_1=-3.0
z1_1=0.0
z2_1=0.0
xabs1_1=2.2030860154
xabs2_1=3.0
attackOnU1_1=0.0
u1_1=0.0
uattacked1_1=0.0
attackOnY1_1=-9.3154845558
y1_1=-9.2790208975
r1_1=-9.2790208975
r_1=9.2790208975
x1_2=-2.5030860154
x2_2=-3.0
z1_2=-9.1880864927
z2_2=-9.1788074718
xabs1_2=2.5030860154
xabs2_2=3.0
attackOnU1_2=0.0
u1_2=199.259107764
uattacked1_2=199.259107764
attackOnY1_2=0.0
y1_2=-11.8185705712
r1_2=-2.6304840784
r_2=2.6304840784
x1_3=-1.8067904765
x2_3=16.9259107764
z1_3=-11.7143770356
z2_3=8.145028454
xabs1_3=1.8067904765
xabs2_3=16.9259107764
attackOnU1_3=0.0
u1_3=141.665026645
uattacked1_3=141.665026645
attackOnY1_3=0.0
y1_3=-1.8067904765
r1_3=9.907586559
r_3=9.907586559
x1_4=0.5941257342
x2_4=31.0924134409
z1_4=-0.3810568462
z2_4=32.1121157428
xabs1_4=0.5941257342
xabs2_4=31.0924134409
attackOnU1_4=0.0
u1_4=-175.716804302
uattacked1_4=-175.716804302
attackOnY1_4=0.0
y1_4=0.5941257342
r1_4=0.9751825805
r_4=0.9751825805
x1_5=2.8247830568
x2_5=13.5207330106
z1_5=2.9171964977
z2_5=15.5050859212
xabs1_5=2.8247830568
xabs2_5=13.5207330106
attackOnU1_5=0.0
u1_5=-134.556140801
uattacked1_5=-134.556140801
attackOnY1_5=0.0
y1_5=2.8247830568
r1_5=-0.0924134409
r_5=0.0924134409
attack on control signal component 1
[0. 0. 0. 0. 0. 0. 0.]
attack on sensor 1
[-7.07593488 -9.31548456  0.          0.          0.          0.
  0.        ]
