sat
x1_0=-0.0078120945
x2_0=-0.1669264946
z1_0=0.0
z2_0=0.0
xabs1_0=0.0078120945
xabs2_0=0.1669264946
attackOnU1_0=0.0
u1_0=0.0
uattacked1_0=0.0
attackOnY1_0=0.0
y1_0=0.0
r1_0=0.0
r_0=0.0
x1_1=-0.0411973935
x2_1=-0.1669264946
z1_1=0.0
z2_1=0.0
xabs1_1=0.0411973935
xabs2_1=0.1669264946
attackOnU1_1=0.0
u1_1=0.0
uattacked1_1=0.0
attackOnY1_1=0.0
y1_1=-0.0411973935
r1_1=-0.0411973935
r_1=0.0411973935
x1_2=-0.0745826924
x2_2=-0.1669264946
z1_2=-0.0348076777
z2_2=-0.0528768545
xabs1_2=0.0745826924
xabs2_2=0.1669264946
attackOnU1_2=0.0
u1_2=0.0
uattacked1_2=0.0
attackOnY1_2=0.0
y1_2=-0.0745826924
r1_2=-0.0397750146
r_2=0.0397750146
x1_3=-0.1079679913
x2_3=-0.1669264946
z1_3=-0.0789889585
z2_3=-0.1039280858
xabs1_3=0.1079679913
xabs2_3=0.1669264946
attackOnU1_3=0.0
u1_3=0.0
uattacked1_3=0.0
attackOnY1_3=0.0
y1_3=-0.1079679913
r1_3=-0.0289790327
r_3=0.0289790327
x1_4=-0.1413532902
x2_4=-0.1669264946
z1_4=-0.1242589605
z2_4=-0.1411226744
xabs1_4=0.1413532902
xabs2_4=0.1669264946
attackOnU1_4=0.0
u1_4=0.0
uattacked1_4=0.0
attackOnY1_4=0.0
y1_4=-0.1413532902
r1_4=-0.0170943297
r_4=0.0170943297
x1_5=-0.1747385892
x2_5=-0.1669264946
z1_5=-0.1669264946
z2_5=-0.1630632466
xabs1_5=0.1747385892
xabs2_5=0.1669264946
attackOnU1_5=61.5789873275
u1_5=0.0
uattacked1_5=0.0
attackOnY1_5=-0.0058277891
y1_5=-0.1747385892
r1_5=-0.0078120945
r_5=0.0078120945
x1_6=-0.2081238881
x2_6=-0.1669264946
z1_6=-0.2061395826
z2_6=-0.17309007
xabs1_6=0.2081238881
xabs2_6=0.1669264946
attackOnU1_6=-124.771024373
u1_6=5.8870767538
uattacked1_6=67.4660640814
attackOnY1_6=-1.2796165003
y1_6=-0.2139516772
r1_6=-0.0078120945
r_6=0.0078120945
x1_7=1.1078120945
x2_7=13.3262863216
z1_7=-0.1296165003
z2_7=0.9942984573
xabs1_7=1.1078120945
xabs2_7=13.3262863216
attackOnU1_7=62.1811728353
u1_7=-3.7603624973
uattacked1_7=-128.5313868704
attackOnY1_7=-1.2655060042
y1_7=-0.1718044057
r1_7=-0.0421879054
r_7=0.0421879054
x1_8=1.2024416214
x2_8=-12.3799910524
z1_8=-0.04160862
z2_8=0.1880777812
xabs1_8=1.2024416214
xabs2_8=12.3799910524
attackOnU1_8=0.0
u1_8=-0.3202780461
uattacked1_8=61.8608947892
attackOnY1_8=0.0
y1_8=-0.0630643827
r1_8=-0.0214557626
r_8=0.0214557626
x1_9=-0.0363386932
x2_9=-0.0078120945
z1_9=-0.0285265986
z2_9=0.0964837006
xabs1_9=0.0363386932
xabs2_9=0.0078120945
attackOnU1_9=0.0
u1_9=0.0
uattacked1_9=0.0
attackOnY1_9=0.0
y1_9=-0.0363386932
r1_9=-0.0078120945
r_9=0.0078120945
x1_10=-0.0379011121
x2_10=-0.0078120945
z1_10=-0.0158302972
z2_10=0.0864568772
xabs1_10=0.0379011121
xabs2_10=0.0078120945
attackOnU1_10=0.0
u1_10=0.0
uattacked1_10=0.0
attackOnY1_10=0.0
y1_10=-0.0379011121
r1_10=-0.0220708149
r_10=0.0220708149
x1_11=-0.039463531
x2_11=-0.0078120945
z1_11=-0.0171865532
z2_11=0.0581289863
xabs1_11=0.039463531
xabs2_11=0.0078120945
attackOnU1_11=0.0
u1_11=0.0
uattacked1_11=0.0
attackOnY1_11=0.0
y1_11=-0.039463531
r1_11=-0.0222769777
r_11=0.0222769777
attack on control signal component 1
[   0.            0.            0.            0.            0.
   61.57898733 -124.77102437   62.18117284    0.            0.
    0.            0.            0.        ]
attack on sensor 1
[ 0.          0.          0.          0.          0.         -0.00582779
 -1.2796165  -1.265506    0.          0.          0.          0.
  0.        ]
