sat
x1_0=-1.9926750345
x2_0=3.0
z1_0=0.0
z2_0=0.0
xabs1_0=1.9926750345
xabs2_0=3.0
attackOnU1_0=0.0
u1_0=0.0
uattacked1_0=0.0
attackOnY1_0=-0.7794094
y1_0=0.0
r1_0=0.0
r_0=0.0
x1_1=-1.6926750345
x2_1=3.0
z1_1=0.0
z2_1=0.0
xabs1_1=1.6926750345
xabs2_1=3.0
attackOnU1_1=0.0
u1_1=0.0
uattacked1_1=0.0
attackOnY1_1=-3.5272674072
y1_1=-2.4720844346
r1_1=-2.4720844346
r_1=2.4720844346
x1_2=-1.3926750345
x2_2=3.0
z1_2=-2.4478580071
z2_2=-2.4453859227
xabs1_2=1.3926750345
xabs2_2=3.0
attackOnU1_2=0.0
u1_2=53.0859175983
uattacked1_2=53.0859175983
attackOnY1_2=-6.5196640066
y1_2=-4.9199424418
r1_2=-2.4720844346
r_2=2.4720844346
x1_3=-0.8272454465
x2_3=8.3085917598
z1_3=-4.8748250186
z2_3=0.4178199143
xabs1_3=0.8272454465
xabs2_3=8.3085917598
attackOnU1_3=0.0
u1_3=75.7786400946
uattacked1_3=75.7786400946
attackOnY1_3=-9.7565991984
y1_3=-7.3469094532
r1_3=-2.4720844346
r_3=2.4720844346
x1_4=0.3825069298
x2_4=15.8864557693
z1_4=-6.9020078339
z2_4=5.550298001
xabs1_4=0.3825069298
xabs2_4=15.8864557693
attackOnU1_4=0.0
u1_4=79.2136686373
uattacked1_4=79.2136686373
attackOnY1_4=-8.2939041131
y1_4=-9.3740922685
r1_4=-2.4720844346
r_4=2.4720844346
x1_5=2.3672208499
x2_5=23.807822633
z1_5=-8.3987676977
z2_5=11.026278942
xabs1_5=2.3672208499
xabs2_5=23.807822633
attackOnU1_5=0.0
u1_5=72.2009293232
uattacked1_5=72.2009293232
attackOnY1_5=-7.124200475
y1_5=-5.9266832631
r1_5=2.4720844346
r_5=2.4720844346
x1_6=5.1090077599
x2_6=31.0279155653
z1_6=-4.4872771497
z2_6=20.6917577971
xabs1_6=5.1090077599
xabs2_6=31.0279155653
attackOnU1_6=0.0
u1_6=-45.2289208324
uattacked1_6=-45.2289208324
attackOnY1_6=-5.7099582447
y1_6=-2.0151927151
r1_6=2.4720844346
r_6=2.4720844346
x1_7=7.9856547122
x2_7=26.5050234821
z1_7=-0.196387967
z2_7=18.6142516366
xabs1_7=7.9856547122
xabs2_7=26.5050234821
attackOnU1_7=0.0
u1_7=-102.249477227
uattacked1_7=-102.249477227
attackOnY1_7=-4.051177422
y1_7=2.2756964675
r1_7=2.4720844346
r_7=2.4720844346
x1_8=10.1249096743
x2_8=16.2800757593
z1_8=3.6016478176
z2_8=10.8346898366
xabs1_8=10.1249096743
xabs2_8=16.2800757593
attackOnU1_8=0.0
u1_8=-119.083315639
uattacked1_8=-119.083315639
attackOnY1_8=-2.1478580071
y1_8=6.0737322522
r1_8=2.4720844346
r_8=2.4720844346
x1_9=11.1575006721
x2_9=4.3717441954
z1_9=6.5375582302
z2_9=1.3717441954
xabs1_9=11.1575006721
xabs2_9=4.3717441954
attackOnU1_9=0.0
u1_9=-112.565455926
uattacked1_9=-112.565455926
attackOnY1_9=0.0
y1_9=9.0096426649
r1_9=2.4720844346
r_9=2.4720844346
x1_10=11.031847812
x2_10=-6.8848013972
z1_10=8.5597633773
z2_10=-7.4394154744
xabs1_10=11.031847812
xabs2_10=6.8848013972
attackOnU1_10=0.0
u1_10=-95.0912605924
uattacked1_10=-95.0912605924
attackOnY1_10=0.0
y1_10=11.031847812
r1_10=2.4720844346
r_10=2.4720844346
x1_11=9.8679113693
x2_11=-16.3939274564
z1_11=9.7882235341
z2_11=-14.5031556109
xabs1_11=9.8679113693
xabs2_11=16.3939274564
attackOnU1_11=0.0
u1_11=-74.7874131965
uattacked1_11=-74.7874131965
attackOnY1_11=0.0
y1_11=9.8679113693
r1_11=0.0796878351
r_11=0.0796878351
x1_12=7.8545815576
x2_12=-23.8726687761
z1_12=8.0428778014
z2_12=-21.903069724
xabs1_12=7.8545815576
xabs2_12=23.8726687761
attackOnU1_12=0.0
u1_12=-4.9093783413
uattacked1_12=-4.9093783413
attackOnY1_12=0.0
y1_12=7.8545815576
r1_12=-0.1882962437
r_12=0.1882962437
attack on control signal component 1
[0. 0. 0. 0. 0. 0. 0. 0. 0. 0. 0. 0. 0. 0.]
attack on sensor 1
[-0.7794094  -3.52726741 -6.51966401 -9.7565992  -8.29390411 -7.12420048
 -5.70995824 -4.05117742 -2.14785801  0.          0.          0.
  0.          0.        ]
