sat
x1_0=-0.9590821145
x2_0=-3.0
z1_0=0.0
z2_0=0.0
xabs1_0=0.9590821145
xabs2_0=3.0
attackOnU1_0=0.0
u1_0=0.0
uattacked1_0=0.0
attackOnY1_0=0.0
y1_0=0.0
r1_0=0.0
r_0=0.0
x1_1=-1.2590821145
x2_1=-3.0
z1_1=0.0
z2_1=0.0
xabs1_1=1.2590821145
xabs2_1=3.0
attackOnU1_1=0.0
u1_1=0.0
uattacked1_1=0.0
attackOnY1_1=0.0
y1_1=-1.2590821145
r1_1=-1.2590821145
r_1=1.2590821145
x1_2=-1.5590821145
x2_2=-3.0
z1_2=-1.2467431098
z2_2=-1.2454840277
xabs1_2=1.5590821145
xabs2_2=3.0
attackOnU1_2=0.0
u1_2=0.0
uattacked1_2=0.0
attackOnY1_2=0.0
y1_2=-1.5590821145
r1_2=-0.3123390047
r_2=0.3123390047
x1_3=-1.8590821145
x2_3=-3.0
z1_3=-1.680569595
z2_3=-1.5544497712
xabs1_3=1.8590821145
xabs2_3=3.0
attackOnU1_3=0.0
u1_3=0.0
uattacked1_3=0.0
attackOnY1_3=-1.8497927006
y1_3=-1.8590821145
r1_3=-0.1785125194
r_3=0.1785125194
x1_4=-2.1590821145
x2_4=-3.0
z1_4=-2.012777669
z2_4=-1.7310343554
xabs1_4=2.1590821145
xabs2_4=3.0
attackOnU1_4=0.0
u1_4=0.0
uattacked1_4=0.0
attackOnY1_4=-3.6994315303
y1_4=-4.0088748151
r1_4=-1.9960971461
r_4=1.9960971461
x1_5=-2.4590821145
x2_5=-3.0
z1_5=-4.1624164987
z2_5=-3.7055736524
xabs1_5=2.4590821145
xabs2_5=3.0
attackOnU1_5=0.0
u1_5=87.7060680927
uattacked1_5=87.7060680927
attackOnY1_5=-2.3428245904
y1_5=-6.1585136449
r1_5=-1.9960971461
r_5=1.9960971461
x1_6=-2.3205517741
x2_6=5.7706068092
z1_6=-6.0709789176
z2_6=3.0904938597
xabs1_6=2.3205517741
xabs2_6=5.7706068092
attackOnU1_6=0.0
u1_6=79.8200119131
uattacked1_6=79.8200119131
attackOnY1_6=-0.6285332442
y1_6=-4.6633763645
r1_6=1.4076025531
r_6=1.4076025531
x1_7=-1.3443910336
x2_7=13.7526080005
z1_7=-3.969021424
z2_7=12.4648954966
xabs1_7=1.3443910336
xabs2_7=13.7526080005
attackOnU1_7=0.0
u1_7=-6.9545240494
uattacked1_7=-6.9545240494
attackOnY1_7=1.21756275
y1_7=-1.9729242778
r1_7=1.9960971461
r_7=1.9960971461
x1_8=-0.0039028538
x2_8=13.0571555956
z1_8=-0.7807691004
z2_8=13.7439823886
xabs1_8=0.0039028538
xabs2_8=13.0571555956
attackOnU1_8=0.0
u1_8=-65.3052922472
uattacked1_8=-65.3052922472
attackOnY1_8=3.2627971713
y1_8=1.2136598962
r1_8=1.9944289966
r_8=1.9944289966
x1_9=0.9752862445
x2_9=6.5266263709
z1_9=2.2419862697
z2_9=9.1863423275
xabs1_9=0.9752862445
xabs2_9=6.5266263709
attackOnU1_9=0.0
u1_9=-65.3052922472
uattacked1_9=-65.3052922472
attackOnY1_9=1.5131098688
y1_9=4.2380834159
r1_9=1.9960971461
r_9=1.9960971461
x1_10=1.3014224203
x2_10=-0.0039028538
z1_10=4.8106294353
z2_10=4.6303523997
xabs1_10=1.3014224203
xabs2_10=0.0039028538
attackOnU1_10=0.0
u1_10=-103.333333333
uattacked1_10=-103.333333333
attackOnY1_10=0.0
y1_10=2.8145322891
r1_10=-1.9960971461
r_10=1.9960971461
x1_11=0.7843654683
x2_11=-10.3372361871
z1_11=2.7804626145
z2_11=-7.6775202305
xabs1_11=0.7843654683
xabs2_11=10.3372361871
attackOnU1_11=0.0
u1_11=-103.333333333
uattacked1_11=-103.333333333
attackOnY1_11=0.0
y1_11=0.7843654683
r1_11=-1.9960971461
r_11=1.9960971461
x1_12=-0.766024817
x2_12=-20.6705695204
z1_12=-0.4804914693
z2_12=-19.9853928609
xabs1_12=0.766024817
xabs2_12=20.6705695204
attackOnU1_12=0.0
u1_12=-103.333333333
uattacked1_12=-103.333333333
attackOnY1_12=0.0
y1_12=-0.766024817
r1_12=-0.2855333476
r_12=0.2855333476
x1_13=-3.3497484357
x2_13=-31.0039028538
z1_13=-3.2784325429
z2_13=-30.6011757817
xabs1_13=3.3497484357
xabs2_13=31.0039028538
attackOnU1_13=0.0
u1_13=-103.333333333
uattacked1_13=-103.333333333
attackOnY1_13=0.0
y1_13=-3.3497484357
r1_13=-0.0713158927
r_13=0.0713158927
attack on control signal component 1
[0. 0. 0. 0. 0. 0. 0. 0. 0. 0. 0. 0. 0. 0. 0.]
attack on sensor 1
[ 0.          0.          0.         -1.8497927  -3.69943153 -2.34282459
 -0.62853324  1.21756275  3.26279717  1.51310987  0.          0.
  0.          0.          0.        ]
