sat
x1_0=-0.0212252096
x2_0=0.0096478225
z1_0=0.0
z2_0=0.0
xabs1_0=0.0212252096
xabs2_0=0.0096478225
attackOnU1_0=0.0
u1_0=0.0
uattacked1_0=0.0
attackOnY1_0=2.0009647822
y1_0=0.0
r1_0=0.0
r_0=0.0
x1_1=-0.0202604274
x2_1=0.0096478225
z1_1=0.0
z2_1=0.0
xabs1_1=0.0202604274
xabs2_1=0.0096478225
attackOnU1_1=0.0
u1_1=0.0
uattacked1_1=0.0
attackOnY1_1=3.9549295778
y1_1=1.9807043548
r1_1=1.9807043548
r_1=1.9807043548
x1_2=-0.0192956451
x2_2=0.0096478225
z1_2=1.9612934521
z2_2=1.9593127478
xabs1_2=0.0192956451
xabs2_2=0.0096478225
attackOnU1_2=0.0
u1_2=-42.5339469376
uattacked1_2=-42.5339469376
attackOnY1_2=6.1112518885
y1_2=3.9356339327
r1_2=1.9743404805
r_2=1.9743404805
x1_3=-0.2310005975
x2_3=-4.2437468711
z1_3=3.8995469361
z2_3=-0.3410643425
xabs1_3=0.2310005975
xabs2_3=4.2437468711
attackOnU1_3=0.0
u1_3=-42.5339469376
uattacked1_3=-42.5339469376
attackOnY1_3=4.5067089332
y1_3=5.8802512909
r1_3=1.9807043548
r_3=1.9807043548
x1_4=-0.8680450193
x2_4=-8.4971415649
z1_4=5.6140642193
z2_4=-2.6351462885
xabs1_4=0.8680450193
xabs2_4=8.4971415649
attackOnU1_4=0.0
u1_4=-75.073846934
uattacked1_4=-75.073846934
attackOnY1_4=3.131563029
y1_4=3.6386639139
r1_4=-1.9754003054
r_4=1.9754003054
x1_5=-2.0931284105
x2_5=-16.0045262583
z1_5=3.0191389733
z2_5=-12.096596964
xabs1_5=2.0931284105
xabs2_5=16.0045262583
attackOnU1_5=0.0
u1_5=-75.073846934
uattacked1_5=-75.073846934
attackOnY1_5=3.5514146837
y1_5=1.0384346185
r1_5=-1.9807043548
r_5=1.9807043548
x1_6=-4.068950271
x2_6=-23.5119109517
z1_6=-0.5271834098
z2_6=-21.5632944052
xabs1_6=4.068950271
xabs2_6=23.5119109517
attackOnU1_6=0.0
u1_6=-75.073846934
uattacked1_6=-75.073846934
attackOnY1_6=1.7654774349
y1_6=-0.5175355872
r1_6=0.0096478225
r_6=0.0096478225
x1_7=-6.7955106009
x2_7=-31.0192956451
z1_7=-3.0493288111
z2_7=-29.0611354725
xabs1_7=6.7955106009
xabs2_7=31.0192956451
attackOnU1_7=0.0
u1_7=213.431311981
uattacked1_7=213.431311981
attackOnY1_7=0.0
y1_7=-5.0300331659
r1_7=-1.9807043548
r_7=1.9807043548
x1_8=-8.8302836055
x2_8=-9.676164447
z1_8=-6.8495792506
z2_8=-9.6773170222
xabs1_8=8.8302836055
xabs2_8=9.676164447
attackOnU1_8=0.0
u1_8=164.595029748
uattacked1_8=164.595029748
attackOnY1_8=0.0
y1_8=-8.8302836055
r1_8=-1.9807043548
r_8=1.9807043548
x1_9=-8.9749249014
x2_9=6.7833385277
z1_9=-8.9556292563
z2_9=4.8228732046
xabs1_9=8.9749249014
xabs2_9=6.7833385277
attackOnU1_9=0.0
u1_9=116.252455445
uattacked1_9=116.252455445
attackOnY1_9=0.0
y1_9=-8.9749249014
r1_9=-0.0192956451
r_9=0.0192956451
x1_10=-7.7153287714
x2_10=18.4085840722
z1_10=-7.9111862064
z2_10=16.429031497
xabs1_10=7.7153287714
xabs2_10=18.4085840722
attackOnU1_10=0.0
u1_10=33.7934349844
uattacked1_10=33.7934349844
attackOnY1_10=0.0
y1_10=-7.7153287714
r1_10=0.1958574349
r_10=0.1958574349
attack on control signal component 1
[0. 0. 0. 0. 0. 0. 0. 0. 0. 0. 0. 0.]
attack on sensor 1
[2.00096478 3.95492958 6.11125189 4.50670893 3.13156303 3.55141468
 1.76547743 0.         0.         0.         0.         0.        ]
