sat
x1_0=-2.1873471149
x2_0=-1.3876566058
z1_0=0.0
z2_0=0.0
xabs1_0=2.1873471149
xabs2_0=1.3876566058
attackOnU1_0=0.0
u1_0=0.0
uattacked1_0=0.0
attackOnY1_0=-1.5378785731
y1_0=0.0
r1_0=0.0
r_0=0.0
x1_1=-2.3261127755
x2_1=-1.3876566058
z1_1=0.0
z2_1=0.0
xabs1_1=2.3261127755
xabs2_1=1.3876566058
attackOnU1_1=0.0
u1_1=0.0
uattacked1_1=0.0
attackOnY1_1=-5.225237146
y1_1=-3.8639913487
r1_1=-3.8639913487
r_1=3.8639913487
x1_2=-2.4648784361
x2_2=-1.3876566058
z1_2=-3.8261242334
z2_2=-3.8222602421
xabs1_2=2.4648784361
xabs2_2=1.3876566058
attackOnU1_2=0.0
u1_2=82.9759386307
uattacked1_2=82.9759386307
attackOnY1_2=-9.2948217431
y1_2=-7.6901155821
r1_2=-3.8639913487
r_2=3.8639913487
x1_3=-2.1887644035
x2_3=6.9099372572
z1_3=-7.619594798
z2_3=0.6530733787
xabs1_3=2.1887644035
xabs2_3=6.9099372572
attackOnU1_3=0.0
u1_3=118.445796446
uattacked1_3=118.445796446
attackOnY1_3=-6.018649667
y1_3=-11.4835861467
r1_3=-3.8639913487
r_3=3.8639913487
x1_4=-0.9055416956
x2_4=18.7545169018
z1_4=-10.7881827114
z2_4=8.6753927812
xabs1_4=0.9055416956
xabs2_4=18.7545169018
attackOnU1_4=0.0
u1_4=123.814917494
uattacked1_4=123.814917494
attackOnY1_4=-3.2004378456
y1_4=-6.9241913627
r1_4=3.8639913487
r_4=3.8639913487
x1_5=1.588984582
x2_5=31.1360086512
z1_5=-5.4754446123
z2_5=24.8791447728
xabs1_5=1.588984582
xabs2_5=31.1360086512
attackOnU1_5=0.0
u1_5=-53.0982213082
uattacked1_5=-53.0982213082
attackOnY1_5=0.0
y1_5=-1.6114532636
r1_5=3.8639913487
r_5=3.8639913487
x1_6=4.4370943406
x2_6=25.8261865204
z1_6=0.5731029919
z2_6=23.3915828841
xabs1_6=4.4370943406
xabs2_6=25.8261865204
attackOnU1_6=0.0
u1_6=-141.634776187
uattacked1_6=-141.634776187
attackOnY1_6=0.0
y1_6=4.4370943406
r1_6=3.8639913487
r_6=3.8639913487
x1_7=6.3115391117
x2_7=11.6627089017
z1_7=6.0302116328
z2_7=13.0503655075
xabs1_7=6.3115391117
xabs2_7=11.6627089017
attackOnU1_7=0.0
u1_7=-170.559278094
uattacked1_7=-170.559278094
attackOnY1_7=0.0
y1_7=6.3115391117
r1_7=0.2813274788
r_7=0.2813274788
x1_8=6.6250136114
x2_8=-5.3932189077
z1_8=6.7610222627
z2_8=-3.7272731597
xabs1_8=6.6250136114
xabs2_8=5.3932189077
attackOnU1_8=0.0
u1_8=-87.2759729903
uattacked1_8=-87.2759729903
attackOnY1_8=0.0
y1_8=6.6250136114
r1_8=-0.1360086512
r_8=0.1360086512
attack on control signal component 1
[0. 0. 0. 0. 0. 0. 0. 0. 0. 0.]
attack on sensor 1
[-1.53787857 -5.22523715 -9.29482174 -6.01864967 -3.20043785  0.
  0.          0.          0.          0.        ]
