sat
x1_0=2.5
x2_0=-0.0187098157
z1_0=0.0
z2_0=0.0
xabs1_0=2.5
xabs2_0=0.0187098157
attackOnU1_0=0.0
u1_0=0.0
uattacked1_0=0.0
attackOnY1_0=-0.5344874152
y1_0=0.0
r1_0=0.0
r_0=0.0
x1_1=2.4981290184
x2_1=-0.0187098157
z1_1=0.0
z2_1=0.0
xabs1_1=2.4981290184
xabs2_1=0.0187098157
attackOnU1_1=0.0
u1_1=0.0
uattacked1_1=0.0
attackOnY1_1=1.4294300629
y1_1=1.9636416032
r1_1=1.9636416032
r_1=1.9636416032
x1_2=2.4962580368
x2_2=-0.0187098157
z1_2=1.9443979155
z2_2=1.9424342739
xabs1_2=2.4962580368
xabs2_2=0.0187098157
attackOnU1_2=0.0
u1_2=-42.1675388108
uattacked1_2=-42.1675388108
attackOnY1_2=3.5874180123
y1_2=3.9256880998
r1_2=1.9812901842
r_2=1.9812901842
x1_3=2.2835493612
x2_3=-4.2354636967
z1_3=3.8896771893
z2_3=-0.3144273568
xabs1_3=2.2835493612
xabs2_3=4.2354636967
attackOnU1_3=0.0
u1_3=-42.1675388108
uattacked1_3=-42.1675388108
attackOnY1_3=1.9788148182
y1_3=5.8709673736
r1_3=1.9812901842
r_3=1.9812901842
x1_4=1.6491652975
x2_4=-8.4522175778
z1_4=5.6092703
z2_4=-2.5712889876
xabs1_4=1.6491652975
xabs2_4=8.4522175778
attackOnU1_4=0.0
u1_4=-75.3585722584
uattacked1_4=-75.3585722584
attackOnY1_4=2.5956792289
y1_4=3.6279801157
r1_4=-1.9812901842
r_4=1.9812901842
x1_5=0.4271506784
x2_5=-15.9880748037
z1_5=3.0134749995
z2_5=-12.0670384638
xabs1_5=0.4271506784
xabs2_5=15.9880748037
attackOnU1_5=0.0
u1_5=-75.3585722584
uattacked1_5=-75.3585722584
attackOnY1_5=3.1432429119
y1_5=3.0228299073
r1_5=0.0093549078
r_5=0.0093549078
x1_6=-1.5484496632
x2_6=-23.5239320295
z1_6=1.4392415216
z2_6=-19.5936418148
xabs1_6=1.5484496632
xabs2_6=23.5239320295
attackOnU1_6=0.0
u1_6=-75.3585722584
uattacked1_6=-75.3585722584
attackOnY1_6=1.5534573421
y1_6=1.5947932486
r1_6=0.155551727
r_6=0.155551727
x1_7=-4.2776357274
x2_7=-31.0597892554
z1_7=-0.742888201
z2_7=-26.9756272722
xabs1_7=4.2776357274
xabs2_7=31.0597892554
attackOnU1_7=0.0
u1_7=164.650043181
uattacked1_7=164.650043181
attackOnY1_7=0.0
y1_7=-2.7241783853
r1_7=-1.9812901842
r_7=1.9812901842
x1_8=-6.5603644371
x2_8=-14.5947849373
z1_8=-4.5790742528
z2_8=-12.4705152044
xabs1_8=6.5603644371
xabs2_8=14.5947849373
attackOnU1_8=0.0
u1_8=144.014027278
uattacked1_8=144.014027278
attackOnY1_8=0.0
y1_8=-6.5603644371
r1_8=-1.9812901842
r_8=1.9812901842
x1_9=-7.2997727944
x2_9=-0.1933822094
z1_9=-7.0679291773
z2_9=-0.0290047269
xabs1_9=7.2997727944
xabs2_9=0.1933822094
attackOnU1_9=0.0
u1_9=113.464548864
uattacked1_9=113.464548864
attackOnY1_9=0.0
y1_9=-7.2997727944
r1_9=-0.231843617
r_9=0.231843617
x1_10=-6.751788271
x2_10=11.1530726769
z1_10=-6.7330784553
z2_10=11.0881104534
xabs1_10=6.751788271
xabs2_10=11.1530726769
attackOnU1_10=0.0
u1_10=113.464548864
uattacked1_10=113.464548864
attackOnY1_10=0.0
y1_10=-6.751788271
r1_10=-0.0187098157
r_10=0.0187098157
attack on control signal component 1
[0. 0. 0. 0. 0. 0. 0. 0. 0. 0. 0. 0.]
attack on sensor 1
[-0.53448742  1.42943006  3.58741801  1.97881482  2.59567923  3.14324291
  1.55345734  0.          0.          0.          0.          0.        ]
