sat
x1_0=2.5
x2_0=-3.0
z1_0=0.0
z2_0=0.0
xabs1_0=2.5
xabs2_0=3.0
attackOnU1_0=0.0
u1_0=0.0
uattacked1_0=0.0
attackOnY1_0=-3.0136850628
y1_0=0.0
r1_0=0.0
r_0=0.0
x1_1=2.2
x2_1=-3.0
z1_1=0.0
z2_1=0.0
xabs1_1=2.2
xabs2_1=3.0
attackOnU1_1=0.0
u1_1=0.0
uattacked1_1=0.0
attackOnY1_1=-0.7384551974
y1_1=-0.8136850628
r1_1=-0.8136850628
r_1=0.8136850628
x1_2=1.9
x2_2=-3.0
z1_2=-0.8057109492
z2_2=-0.8048972642
xabs1_2=1.9
xabs2_2=3.0
attackOnU1_2=0.0
u1_2=17.4731969483
uattacked1_2=17.4731969483
attackOnY1_2=-0.5709682783
y1_2=1.1615448025
r1_2=1.9672557518
r_2=1.9672557518
x1_3=1.6873659847
x2_3=-1.2526803051
z1_3=1.1491419545
z2_3=2.8884318203
xabs1_3=1.6873659847
xabs2_3=1.2526803051
attackOnU1_3=0.0
u1_3=17.4731969483
uattacked1_3=17.4731969483
attackOnY1_3=1.8107195797
y1_3=1.1163977064
r1_3=-0.0327442481
r_3=0.0327442481
x1_4=1.6494639389
x2_4=0.4946393896
z1_4=1.4929277668
z2_4=4.6033609049
xabs1_4=1.6494639389
xabs2_4=0.4946393896
attackOnU1_4=0.0
u1_4=17.4731969483
uattacked1_4=17.4731969483
attackOnY1_4=0.4468843316
y1_4=3.4601835186
r1_4=1.9672557518
r_4=1.9672557518
x1_5=1.7862938626
x2_5=2.2419590845
z1_5=3.9886064875
z2_5=8.2966899895
xabs1_5=1.7862938626
xabs2_5=2.2419590845
attackOnU1_5=0.0
u1_5=-110.915677775
uattacked1_5=-110.915677775
attackOnY1_5=1.0859327434
y1_5=2.2331781942
r1_5=-1.7554282932
r_5=1.7554282932
x1_6=1.4559113822
x2_6=-8.849608693
z1_6=2.5254720016
z2_6=-4.5313474557
xabs1_6=1.4559113822
xabs2_6=8.849608693
attackOnU1_6=0.0
u1_6=-110.915677775
uattacked1_6=-110.915677775
attackOnY1_6=1.5339705444
y1_6=2.5418441256
r1_6=0.016372124
r_6=0.016372124
x1_7=0.016372124
x2_7=-19.9411764705
z1_7=1.5339705444
z2_7=-15.6067199281
xabs1_7=0.016372124
xabs2_7=19.9411764705
attackOnU1_7=0.0
u1_7=-110.915677775
uattacked1_7=-110.915677775
attackOnY1_7=0.0
y1_7=1.5503426685
r1_7=0.016372124
r_7=0.016372124
x1_8=-2.5323239118
x2_8=-31.0327442481
z1_8=-0.56506816
z2_8=-26.6820924005
xabs1_8=2.5323239118
xabs2_8=31.0327442481
attackOnU1_8=0.0
u1_8=-110.915677775
uattacked1_8=-110.915677775
attackOnY1_8=0.0
y1_8=-2.5323239118
r1_8=-1.9672557518
r_8=1.9672557518
x1_9=-6.1901767255
x2_9=-42.1243120256
z1_9=-5.7358324344
z2_9=-39.7196695678
xabs1_9=6.1901767255
xabs2_9=42.1243120256
attackOnU1_9=0.0
u1_9=316.847254117
uattacked1_9=316.847254117
attackOnY1_9=0.0
y1_9=-6.1901767255
r1_9=-0.4543442911
r_9=0.4543442911
x1_10=-8.8183716575
x2_10=-10.4395866139
z1_10=-8.5734548377
z2_10=-8.4843815288
xabs1_10=8.8183716575
xabs2_10=10.4395866139
attackOnU1_10=0.0
u1_10=316.847254117
uattacked1_10=316.847254117
attackOnY1_10=0.0
y1_10=-8.8183716575
r1_10=-0.2449168198
r_10=0.2449168198
attack on control signal component 1
[0. 0. 0. 0. 0. 0. 0. 0. 0. 0. 0. 0.]
attack on sensor 1
[-3.01368506 -0.7384552  -0.57096828  1.81071958  0.44688433  1.08593274
  1.53397054  0.          0.          0.          0.          0.        ]
