sat
x1_0=0.0275753087
x2_0=-0.7702717466
z1_0=0.0
z2_0=0.0
xabs1_0=0.0275753087
xabs2_0=0.7702717466
attackOnU1_0=0.0
u1_0=0.0
uattacked1_0=0.0
attackOnY1_0=0.0
y1_0=0.0
r1_0=0.0
r_0=0.0
x1_1=-0.0494518659
x2_1=-0.7702717466
z1_1=0.0
z2_1=0.0
xabs1_1=0.0494518659
xabs2_1=0.7702717466
attackOnU1_1=0.0
u1_1=0.0
uattacked1_1=0.0
attackOnY1_1=0.0
y1_1=-0.0494518659
r1_1=-0.0494518659
r_1=0.0494518659
x1_2=-0.1264790405
x2_2=-0.7702717466
z1_2=-0.0925788381
z2_2=-0.4773687519
xabs1_2=0.1264790405
xabs2_2=0.7702717466
attackOnU1_2=0.0
u1_2=0.0
uattacked1_2=0.0
attackOnY1_2=0.0
y1_2=-0.1264790405
r1_2=-0.0339002024
r_2=0.0339002024
x1_3=-0.2035062152
x2_3=-0.7702717466
z1_3=-0.2037802822
z2_3=-0.8046141858
xabs1_3=0.2035062152
xabs2_3=0.7702717466
attackOnU1_3=0.0
u1_3=0.0
uattacked1_3=0.0
attackOnY1_3=0.0
y1_3=-0.2035062152
r1_3=0.000274067
r_3=0.000274067
x1_4=-0.2805333899
x2_4=-0.7702717466
z1_4=-0.2837286199
z2_4=-0.8019685618
xabs1_4=0.2805333899
xabs2_4=0.7702717466
attackOnU1_4=0.0
u1_4=0.0
uattacked1_4=0.0
attackOnY1_4=0.0
y1_4=-0.2805333899
r1_4=0.00319523
r_4=0.00319523
x1_5=-0.3575605645
x2_5=-0.7702717466
z1_5=-0.3579436859
z2_5=-0.7711243671
xabs1_5=0.3575605645
xabs2_5=0.7702717466
attackOnU1_5=-1.106902987
u1_5=10.1041692666
uattacked1_5=10.1041692666
attackOnY1_5=-0.0492030077
y1_5=-0.3575605645
r1_5=0.0003831213
r_5=0.0003831213
x1_6=-0.3840668929
x2_6=0.2401451799
z1_6=-0.3838180347
z2_6=0.2429909069
xabs1_6=0.3840668929
xabs2_6=0.2401451799
attackOnU1_6=5.4996517551
u1_6=4.7768167482
uattacked1_6=3.6699137611
attackOnY1_6=-0.0442259552
y1_6=-0.4332699006
r1_6=-0.0494518659
r_6=0.0494518659
x1_7=-0.3417028061
x2_7=0.607136556
z1_7=-0.4282136985
z2_7=0.2433038298
xabs1_7=0.3417028061
xabs2_7=0.607136556
attackOnU1_7=0.0
u1_7=5.4867162846
uattacked1_7=10.9863680397
attackOnY1_7=-0.021778927
y1_7=-0.3859287613
r1_7=0.0422849371
r_7=0.0422849371
x1_8=-0.2260573103
x2_8=1.70577336
z1_8=-0.2972881032
z2_8=1.2001604135
xabs1_8=0.2260573103
xabs2_8=1.70577336
attackOnU1_8=0.0
u1_8=5.4867162846
uattacked1_8=10.9863680397
attackOnY1_8=-0.0072596423
y1_8=-0.2478362373
r1_8=0.0494518659
r_8=0.0494518659
x1_9=-0.000548134
x2_9=2.804410164
z1_9=-0.0572596423
z2_9=2.2262007938
xabs1_9=0.000548134
xabs2_9=2.804410164
attackOnU1_9=0.0
u1_9=5.4867162846
uattacked1_9=10.9863680397
attackOnY1_9=0.0
y1_9=-0.0078077764
r1_9=0.0494518659
r_9=0.0494518659
x1_10=0.3348247225
x2_10=3.903046968
z1_10=0.2853728566
z2_10=3.2522411742
xabs1_10=0.3348247225
xabs2_10=3.903046968
attackOnU1_10=0.0
u1_10=5.4867162846
uattacked1_10=10.9863680397
attackOnY1_10=0.0
y1_10=0.3348247225
r1_10=0.0494518659
r_10=0.0494518659
x1_11=0.7800612595
x2_11=5.0016837719
z1_11=0.7306093936
z2_11=4.2782815546
xabs1_11=0.7800612595
xabs2_11=5.0016837719
attackOnU1_11=0.0
u1_11=-35.9363005198
uattacked1_11=-35.9363005198
attackOnY1_11=0.0
y1_11=0.7800612595
r1_11=0.0494518659
r_11=0.0494518659
x1_12=1.100548134
x2_12=1.4080537199
z1_12=1.0713348846
z2_12=1.1620202545
xabs1_12=1.100548134
xabs2_12=1.4080537199
attackOnU1_12=0.0
u1_12=-23.7533035525
uattacked1_12=-23.7533035525
attackOnY1_12=0.0
y1_12=1.100548134
r1_12=0.0292132494
r_12=0.0292132494
attack on control signal component 1
[ 0.          0.          0.          0.          0.         -1.10690299
  5.49965176  0.          0.          0.          0.          0.
  0.          0.        ]
attack on sensor 1
[ 0.          0.          0.          0.          0.         -0.04920301
 -0.04422596 -0.02177893 -0.00725964  0.          0.          0.
  0.          0.        ]
