sat
x1_0=-0.7989185393
x2_0=0.0207615351
z1_0=0.0
z2_0=0.0
xabs1_0=0.7989185393
xabs2_0=0.0207615351
attackOnU1_0=0.0
u1_0=0.0
uattacked1_0=0.0
attackOnY1_0=2.1688324977
y1_0=0.0
r1_0=0.0
r_0=0.0
x1_1=-0.7968423857
x2_1=0.0207615351
z1_1=0.0
z2_1=0.0
xabs1_1=0.7968423857
xabs2_1=0.0207615351
attackOnU1_1=0.0
u1_1=0.0
uattacked1_1=0.0
attackOnY1_1=0.1948339114
y1_1=1.3719901119
r1_1=1.3719901119
r_1=1.3719901119
x1_2=-0.7947662322
x2_2=0.0207615351
z1_2=1.3585446088
z2_2=1.3571726187
xabs1_2=0.7947662322
xabs2_2=0.0207615351
attackOnU1_2=0.0
u1_2=-29.4623245915
uattacked1_2=-29.4623245915
attackOnY1_2=-1.3147433234
y1_2=-0.5999323208
r1_2=-1.9584769297
r_2=1.9584769297
x1_3=-0.9400017017
x2_3=-2.925470924
z1_3=-0.592333608
z2_3=-3.5263852192
xabs1_3=0.9400017017
xabs2_3=2.925470924
attackOnU1_3=0.0
u1_3=29.4623245915
uattacked1_3=29.4623245915
attackOnY1_3=0.5999338086
y1_3=-2.2547450252
r1_3=-1.6624114172
r_3=1.6624114172
x1_4=-1.0852371711
x2_4=0.0207615351
z1_4=-2.4437802922
z2_4=-2.224610134
xabs1_4=1.0852371711
xabs2_4=0.0207615351
attackOnU1_4=0.0
u1_4=51.7704743423
uattacked1_4=51.7704743423
attackOnY1_4=2.3146804975
y1_4=-0.4853033625
r1_4=1.9584769297
r_4=1.9584769297
x1_5=-0.8243086459
x2_5=5.1978089693
z1_5=-0.4681050781
z2_5=4.8897626791
xabs1_5=0.8243086459
xabs2_5=5.1978089693
attackOnU1_5=0.0
u1_5=51.7704743423
uattacked1_5=51.7704743423
attackOnY1_5=2.2854443297
y1_5=1.4903718515
r1_5=1.9584769297
r_5=1.9584769297
x1_6=-0.0456753772
x2_6=10.3748564036
z1_6=2.2190074172
z2_6=12.0041354922
xabs1_6=0.0456753772
xabs2_6=10.3748564036
attackOnU1_6=0.0
u1_6=-103.540948685
uattacked1_6=-103.540948685
attackOnY1_6=1.7870159925
y1_6=2.2397689524
r1_6=0.0207615351
r_6=0.0207615351
x1_7=0.4741055196
x2_7=0.0207615351
z1_7=2.9222742951
z2_7=1.6705779343
xabs1_7=0.4741055196
xabs2_7=0.0207615351
attackOnU1_7=0.0
u1_7=-103.540948685
uattacked1_7=-103.540948685
attackOnY1_7=0.0
y1_7=2.2611215121
r1_7=-0.6611527829
r_7=0.6611527829
x1_8=-0.0415230702
x2_8=-10.3333333333
z1_8=1.9169538594
z2_8=-9.337529267
xabs1_8=0.0415230702
xabs2_8=10.3333333333
attackOnU1_8=0.0
u1_8=-103.540948685
uattacked1_8=-103.540948685
attackOnY1_8=0.0
y1_8=-0.0415230702
r1_8=-1.9584769297
r_8=1.9584769297
x1_9=-1.592561147
x2_9=-20.6874282018
z1_9=-1.4737876664
z2_9=-21.6289495144
xabs1_9=1.592561147
xabs2_9=20.6874282018
attackOnU1_9=0.0
u1_9=-103.540948685
uattacked1_9=-103.540948685
attackOnY1_9=0.0
y1_9=-1.592561147
r1_9=-0.1187734805
r_9=0.1187734805
x1_10=-4.1790087106
x2_10=-31.0415230702
z1_10=-4.2719968617
z2_10=-32.1005351098
xabs1_10=4.1790087106
xabs2_10=31.0415230702
attackOnU1_10=0.0
u1_10=250.240613993
uattacked1_10=250.240613993
attackOnY1_10=0.0
y1_10=-4.1790087106
r1_10=0.0929881511
r_10=0.0929881511
attack on control signal component 1
[0. 0. 0. 0. 0. 0. 0. 0. 0. 0. 0. 0.]
attack on sensor 1
[ 2.1688325   0.19483391 -1.31474332  0.59993381  2.3146805   2.28544433
  1.78701599  0.          0.          0.          0.          0.        ]
