sat
x1_0=-1.3086808573
x2_0=0.0370283576
z1_0=0.0
z2_0=0.0
xabs1_0=1.3086808573
xabs2_0=0.0370283576
attackOnU1_0=0.0
u1_0=0.0
uattacked1_0=0.0
attackOnY1_0=-0.620965263
y1_0=0.0
r1_0=0.0
r_0=0.0
x1_1=-1.3049780216
x2_1=0.0370283576
z1_1=0.0
z2_1=0.0
xabs1_1=1.3049780216
xabs2_1=0.0370283576
attackOnU1_1=0.0
u1_1=0.0
uattacked1_1=0.0
attackOnY1_1=-2.5317371392
y1_1=-1.9259432846
r1_1=-1.9259432846
r_1=1.9259432846
x1_2=-1.3012751858
x2_2=0.0370283576
z1_2=-1.9070690404
z2_2=-1.9051430971
xabs1_2=1.3012751858
xabs2_2=0.0370283576
attackOnU1_2=0.0
u1_2=41.3579993765
uattacked1_2=41.3579993765
attackOnY1_2=-1.4710587637
y1_2=-3.833012325
r1_2=-1.9259432846
r_2=1.9259432846
x1_3=-1.0907823531
x2_3=4.1728282953
z1_3=-3.7978623936
z2_3=0.3255137433
xabs1_3=1.0907823531
xabs2_3=4.1728282953
attackOnU1_3=0.0
u1_3=41.3579993765
uattacked1_3=41.3579993765
attackOnY1_3=0.0580400571
y1_3=-2.5618411169
r1_3=1.2360212767
r_3=1.2360212767
x1_4=-0.4667095267
x2_4=8.308628233
z1_4=-2.3346127542
z2_4=5.6839859279
xabs1_4=0.4667095267
xabs2_4=8.308628233
attackOnU1_4=0.0
u1_4=41.3579993765
uattacked1_4=41.3579993765
attackOnY1_4=1.702644867
y1_4=-0.4086694696
r1_4=1.9259432846
r_4=1.9259432846
x1_5=0.5709432934
x2_5=12.4444281706
z1_5=0.3476448758
z2_5=11.7249289627
xabs1_5=0.5709432934
xabs2_5=12.4444281706
attackOnU1_5=0.0
u1_5=41.3579993765
uattacked1_5=41.3579993765
attackOnY1_5=1.6488490597
y1_5=2.2735881604
r1_5=1.9259432846
r_5=1.9259432846
x1_6=2.0221761073
x2_6=16.5802281083
z1_6=3.6339968094
z2_6=17.7658719975
xabs1_6=2.0221761073
xabs2_6=16.5802281083
attackOnU1_6=0.0
u1_6=-158.847616079
uattacked1_6=-158.847616079
attackOnY1_6=1.8040789284
y1_6=3.6710251671
r1_6=0.0370283576
r_6=0.0370283576
x1_7=2.8859608377
x2_7=0.6954665004
z1_7=4.6530114085
z2_7=1.917738841
xabs1_7=2.8859608377
xabs2_7=0.6954665004
attackOnU1_7=0.0
u1_7=-158.847616079
uattacked1_7=-158.847616079
attackOnY1_7=0.0
y1_7=4.6900397662
r1_7=0.0370283576
r_7=0.0370283576
x1_8=2.1612694074
x2_8=-15.1892951074
z1_8=4.087212692
z2_8=-13.9303943153
xabs1_8=2.1612694074
xabs2_8=15.1892951074
attackOnU1_8=0.0
u1_8=-158.847616079
uattacked1_8=-158.847616079
attackOnY1_8=0.0
y1_8=2.1612694074
r1_8=-1.9259432846
r_8=1.9259432846
x1_9=-0.1518981836
x2_9=-31.0740567153
z1_9=-0.0071338602
z2_9=-31.7202990204
xabs1_9=0.1518981836
xabs2_9=31.0740567153
attackOnU1_9=0.0
u1_9=179.721034321
uattacked1_9=179.721034321
attackOnY1_9=0.0
y1_9=-0.1518981836
r1_9=-0.1447643233
r_9=0.1447643233
x1_10=-2.3606986836
x2_10=-13.1019532832
z1_10=-2.4239042237
z2_10=-13.891396457
xabs1_10=2.3606986836
xabs2_10=13.1019532832
attackOnU1_10=0.0
u1_10=179.721034321
uattacked1_10=179.721034321
attackOnY1_10=0.0
y1_10=-2.3606986836
r1_10=0.0632055401
r_10=0.0632055401
attack on control signal component 1
[0. 0. 0. 0. 0. 0. 0. 0. 0. 0. 0. 0.]
attack on sensor 1
[-0.62096526 -2.53173714 -1.47105876  0.05804006  1.70264487  1.64884906
  1.80407893  0.          0.          0.          0.          0.        ]
