sat
x1_0=-0.0076636661
x2_0=-0.2087373167
z1_0=0.0
z2_0=0.0
xabs1_0=0.0076636661
xabs2_0=0.2087373167
attackOnU1_0=0.0
u1_0=0.0
uattacked1_0=0.0
attackOnY1_0=0.0
y1_0=0.0
r1_0=0.0
r_0=0.0
x1_1=-0.0494111295
x2_1=-0.2087373167
z1_1=0.0
z2_1=0.0
xabs1_1=0.0494111295
xabs2_1=0.2087373167
attackOnU1_1=0.0
u1_1=0.0
uattacked1_1=0.0
attackOnY1_1=0.0
y1_1=-0.0494111295
r1_1=-0.0494111295
r_1=0.0494111295
x1_2=-0.0911585928
x2_2=-0.2087373167
z1_2=-0.0417474633
z2_2=-0.0634191847
xabs1_2=0.0911585928
xabs2_2=0.2087373167
attackOnU1_2=0.0
u1_2=0.0
uattacked1_2=0.0
attackOnY1_2=0.0
y1_2=-0.0911585928
r1_2=-0.0494111295
r_2=0.0494111295
x1_3=-0.1329060562
x2_3=-0.2087373167
z1_3=-0.0961787636
z2_3=-0.1268383695
xabs1_3=0.1329060562
xabs2_3=0.2087373167
attackOnU1_3=-54.1268996841
u1_3=0.0
uattacked1_3=0.0
attackOnY1_3=0.021487322
y1_3=-0.1329060562
r1_3=-0.0367272925
r_3=0.0367272925
x1_4=-0.1746535195
x2_4=-0.2087373167
z1_4=-0.152577327
z2_4=-0.1739778495
xabs1_4=0.1746535195
xabs2_4=0.2087373167
attackOnU1_4=108.8944442122
u1_4=4.6676419153
uattacked1_4=-49.4592577687
attackOnY1_4=1.100317485
y1_4=-0.1531661975
r1_4=-0.0005888704
r_4=0.0005888704
x1_5=-1.2055861382
x2_5=-10.1005888704
z1_5=-0.0945175952
z2_5=0.7587947182
xabs1_5=1.2055861382
xabs2_5=10.1005888704
attackOnU1_5=-54.6605342143
u1_5=-2.970341833
uattacked1_5=105.9241023792
attackOnY1_5=1.0936840466
y1_5=-0.1052686532
r1_5=-0.0107510579
r_5=0.0107510579
x1_6=-1.1072218647
x2_6=11.0842316053
z1_6=-0.0112490571
z2_6=0.1509273688
xabs1_6=1.1072218647
xabs2_6=11.0842316053
attackOnU1_6=0.0
u1_6=-0.7635681649
uattacked1_6=-55.4241023792
attackOnY1_6=0.0
y1_6=-0.0135378181
r1_6=-0.0022887609
r_6=0.0022887609
x1_7=0.0011424087
x2_7=-0.0005888704
z1_7=0.0017312791
z2_7=-0.0047238888
xabs1_7=0.0011424087
xabs2_7=0.0005888704
attackOnU1_7=0.0
u1_7=-0.007655316
uattacked1_7=-0.007655316
attackOnY1_7=0.0
y1_7=0.0011424087
r1_7=-0.0005888704
r_7=0.0005888704
x1_8=0.0008715282
x2_8=-0.0021199336
z1_8=0.0001358584
z2_8=-0.0070107673
xabs1_8=0.0008715282
xabs2_8=0.0021199336
attackOnU1_8=0.0
u1_8=-0.007655316
uattacked1_8=-0.007655316
attackOnY1_8=0.0
y1_8=0.0008715282
r1_8=0.0007356698
r_8=0.0007356698
x1_9=0.0002944352
x2_9=-0.0036509968
z1_9=-0.0007978338
z2_9=-0.0075975982
xabs1_9=0.0002944352
xabs2_9=0.0036509968
attackOnU1_9=0.0
u1_9=-0.007655316
uattacked1_9=-0.007655316
attackOnY1_9=0.0
y1_9=0.0002944352
r1_9=0.0010922691
r_9=0.0010922691
attack on control signal component 1
[  0.           0.           0.         -54.12689968 108.89444421
 -54.66053421   0.           0.           0.           0.
   0.        ]
attack on sensor 1
[0.         0.         0.         0.02148732 1.10031748 1.09368405
 0.         0.         0.         0.         0.        ]
