sat
x1_0=2.0956076947
x2_0=-1.0388809435
z1_0=0.0
z2_0=0.0
xabs1_0=2.0956076947
xabs2_0=1.0388809435
attackOnU1_0=0.0
u1_0=0.0
uattacked1_0=0.0
attackOnY1_0=0.0
y1_0=0.0
r1_0=0.0
r_0=0.0
x1_1=1.9917196003
x2_1=-1.0388809435
z1_1=0.0
z2_1=0.0
xabs1_1=1.9917196003
xabs2_1=1.0388809435
attackOnU1_1=0.0
u1_1=0.0
uattacked1_1=0.0
attackOnY1_1=2.0760888426
y1_1=1.9917196003
r1_1=1.9917196003
r_1=1.9917196003
x1_2=1.887831506
x2_2=-1.0388809435
z1_2=1.9722007483
z2_2=1.9702090287
xabs1_2=1.887831506
xabs2_2=1.0388809435
attackOnU1_2=0.0
u1_2=0.0
uattacked1_2=0.0
attackOnY1_2=4.3491985881
y1_2=3.9639203486
r1_2=1.9917196003
r_2=1.9917196003
x1_3=1.7839434116
x2_3=-1.0388809435
z1_3=4.1414223994
z2_3=3.9404180574
xabs1_3=1.7839434116
xabs2_3=1.0388809435
attackOnU1_3=0.0
u1_3=-88.6992644726
uattacked1_3=-88.6992644726
attackOnY1_3=6.8193292365
y1_3=6.1331419998
r1_3=1.9917196003
r_3=1.9917196003
x1_4=1.2365589949
x2_4=-9.9088073908
z1_4=6.0641686311
z2_4=-2.9592993611
xabs1_4=1.2365589949
xabs2_4=9.9088073908
attackOnU1_4=0.0
u1_4=-88.6992644726
uattacked1_4=-88.6992644726
attackOnY1_4=5.503041587
y1_4=8.0558882315
r1_4=1.9917196003
r_4=1.9917196003
x1_5=-0.1978180664
x2_5=-18.778733838
z1_5=7.2969431209
z2_5=-9.8590167797
xabs1_5=0.1978180664
xabs2_5=18.778733838
attackOnU1_5=0.0
u1_5=-61.1477328076
uattacked1_5=-61.1477328076
attackOnY1_5=4.4228125446
y1_5=5.3052235205
r1_5=-1.9917196003
r_5=1.9917196003
x1_6=-2.3814301143
x2_6=-24.8935071188
z1_6=4.0331020306
z2_6=-17.9439990891
xabs1_6=2.3814301143
xabs2_6=24.8935071188
attackOnU1_6=0.0
u1_6=-61.1477328076
uattacked1_6=-61.1477328076
attackOnY1_6=3.1455625992
y1_6=2.0413824302
r1_6=-1.9917196003
r_6=1.9917196003
x1_7=-5.1765194902
x2_7=-31.0082803996
z1_7=-0.0392372905
z2_7=-26.0289813986
xabs1_7=5.1765194902
xabs2_7=31.0082803996
attackOnU1_7=0.0
u1_7=148.010280091
uattacked1_7=148.010280091
attackOnY1_7=1.671291751
y1_7=-2.0309568909
r1_7=-1.9917196003
r_7=1.9917196003
x1_8=-7.5372961297
x2_8=-16.2072523904
z1_8=-3.8742847783
z2_8=-13.1981624182
xabs1_8=7.5372961297
xabs2_8=16.2072523904
attackOnU1_8=0.0
u1_8=148.010280091
uattacked1_8=148.010280091
attackOnY1_8=0.0
y1_8=-5.8660043786
r1_8=-1.9917196003
r_8=1.9917196003
x1_9=-8.4179699683
x2_9=-1.4062243813
z1_9=-6.4262503679
z2_9=-0.3673434378
xabs1_9=8.4179699683
xabs2_9=1.4062243813
attackOnU1_9=0.0
u1_9=105.094050662
uattacked1_9=105.094050662
attackOnY1_9=0.0
y1_9=-8.4179699683
r1_9=-1.9917196003
r_9=1.9917196003
x1_10=-8.0331221531
x2_10=9.1031806848
z1_10=-7.9097152067
z2_10=8.1718525997
xabs1_10=8.0331221531
xabs2_10=9.1031806848
attackOnU1_10=0.0
u1_10=105.094050662
uattacked1_10=105.094050662
attackOnY1_10=0.0
y1_10=-8.0331221531
r1_10=-0.1234069464
r_10=0.1234069464
x1_11=-6.5973338313
x2_11=19.612585751
z1_11=-6.6892572518
z2_11=18.5591835145
xabs1_11=6.5973338313
xabs2_11=19.612585751
attackOnU1_11=0.0
u1_11=2.1443227022
uattacked1_11=2.1443227022
attackOnY1_11=0.0
y1_11=-6.5973338313
r1_11=0.0919234204
r_11=0.0919234204
attack on control signal component 1
[0. 0. 0. 0. 0. 0. 0. 0. 0. 0. 0. 0. 0.]
attack on sensor 1
[0.         2.07608884 4.34919859 6.81932924 5.50304159 4.42281254
 3.1455626  1.67129175 0.         0.         0.         0.
 0.        ]
