sat
x1_0=0.0059277542
x2_0=-0.1778326286
z1_0=0.0
z2_0=0.0
xabs1_0=0.0059277542
xabs2_0=0.1778326286
attackOnU1_0=0.0
u1_0=0.0
uattacked1_0=0.0
attackOnY1_0=-1.9762889828
y1_0=0.0
r1_0=0.0
r_0=0.0
x1_1=-0.0118555085
x2_1=-0.1778326286
z1_1=0.0
z2_1=0.0
xabs1_1=0.0118555085
xabs2_1=0.1778326286
attackOnU1_1=0.0
u1_1=0.0
uattacked1_1=0.0
attackOnY1_1=-3.9271663953
y1_1=-1.9881444914
r1_1=-1.9881444914
r_1=1.9881444914
x1_2=-0.0296387714
x2_2=-0.1778326286
z1_2=-1.9686606754
z2_2=-1.9666725309
xabs1_2=0.0296387714
xabs2_2=0.1778326286
attackOnU1_2=0.0
u1_2=42.6937175634
uattacked1_2=42.6937175634
attackOnY1_2=-6.074711061
y1_2=-3.9568051668
r1_2=-1.9881444914
r_2=1.9881444914
x1_3=0.1660465535
x2_3=4.0915391276
z1_3=-3.920520016
z2_3=0.3360266945
xabs1_3=0.1660465535
xabs2_3=4.0915391276
attackOnU1_3=0.0
u1_3=42.6937175634
uattacked1_3=42.6937175634
attackOnY1_3=-4.4678448797
y1_3=-5.9086645075
r1_3=-1.9881444914
r_3=1.9881444914
x1_4=0.788669054
x2_4=8.360910884
z1_4=-5.6421094342
z2_4=2.6387259199
xabs1_4=0.788669054
xabs2_4=8.360910884
attackOnU1_4=0.0
u1_4=75.5031487485
uattacked1_4=75.5031487485
attackOnY1_4=-3.0711556341
y1_4=-3.6791758256
r1_4=1.9629336085
r_4=1.9629336085
x1_5=2.0022758862
x2_5=15.9112257588
z1_5=-3.0570242393
z2_5=12.1307747203
xabs1_5=2.0022758862
xabs2_5=15.9112257588
attackOnU1_5=0.0
u1_5=75.5031487485
uattacked1_5=75.5031487485
attackOnY1_5=-1.4805400625
y1_5=-1.0688797478
r1_5=1.9881444914
r_5=1.9881444914
x1_6=3.9709142058
x2_6=23.4615406337
z1_6=0.5022296518
z2_6=21.6477621261
xabs1_6=3.9709142058
xabs2_6=23.4615406337
attackOnU1_6=0.0
u1_6=75.5031487485
uattacked1_6=75.5031487485
attackOnY1_6=0.306742762
y1_6=2.4903741433
r1_6=1.9881444914
r_6=1.9881444914
x1_7=6.6945840129
x2_7=31.0118555085
z1_7=5.0131822836
z2_7=31.1647495319
xabs1_7=6.6945840129
xabs2_7=31.0118555085
attackOnU1_7=0.0
u1_7=75.5031487485
uattacked1_7=75.5031487485
attackOnY1_7=0.0
y1_7=7.001326775
r1_7=1.9881444914
r_7=1.9881444914
x1_8=10.1732853075
x2_8=38.5621703834
z1_8=10.4758336559
z2_8=40.6817369376
xabs1_8=10.1732853075
xabs2_8=38.5621703834
attackOnU1_8=0.0
u1_8=-398.277839561
uattacked1_8=-398.277839561
attackOnY1_8=0.0
y1_8=10.1732853075
r1_8=-0.3025483484
r_8=0.3025483484
x1_9=12.0381131481
x2_9=-1.2656135726
z1_9=12.2530347773
z2_9=0.5546721553
xabs1_9=12.0381131481
xabs2_9=1.2656135726
attackOnU1_9=0.0
u1_9=-398.277839561
uattacked1_9=-398.277839561
attackOnY1_9=0.0
y1_9=12.0381131481
r1_9=-0.2149216292
r_9=0.2149216292
x1_10=9.920162593
x2_10=-41.0933975286
z1_10=10.1042973978
z2_10=-39.4857122763
xabs1_10=9.920162593
xabs2_10=41.0933975286
attackOnU1_10=0.0
u1_10=-398.277839561
uattacked1_10=-398.277839561
attackOnY1_10=0.0
y1_10=9.920162593
r1_10=-0.1841348047
r_10=0.1841348047
attack on control signal component 1
[0. 0. 0. 0. 0. 0. 0. 0. 0. 0. 0. 0.]
attack on sensor 1
[-1.97628898 -3.9271664  -6.07471106 -4.46784488 -3.07115563 -1.48054006
  0.30674276  0.          0.          0.          0.          0.        ]
