sat
x1_0=0.4016347787
x2_0=-2.0343486057
z1_0=0.0
z2_0=0.0
xabs1_0=0.4016347787
xabs2_0=2.0343486057
attackOnU1_0=0.0
u1_0=0.0
uattacked1_0=0.0
attackOnY1_0=-0.5131698467
y1_0=0.0
r1_0=0.0
r_0=0.0
x1_1=0.1981999181
x2_1=-2.0343486057
z1_1=0.0
z2_1=0.0
xabs1_1=0.1981999181
xabs2_1=2.0343486057
attackOnU1_1=0.0
u1_1=0.0
uattacked1_1=0.0
attackOnY1_1=0.1251844543
y1_1=-0.3149699286
r1_1=-0.3149699286
r_1=0.3149699286
x1_2=-0.0052349424
x2_2=-2.0343486057
z1_2=-0.3118832233
z2_2=-0.3115682533
xabs1_2=0.0052349424
xabs2_2=2.0343486057
attackOnU1_2=0.0
u1_2=6.7637122109
uattacked1_2=6.7637122109
attackOnY1_2=2.2879955862
y1_2=0.1199495118
r1_2=0.4318327351
r_2=0.4318327351
x1_3=-0.1748512419
x2_3=-1.3579773846
z1_3=0.1183792867
z2_3=0.7919719093
xabs1_3=0.1748512419
xabs2_3=1.3579773846
attackOnU1_3=0.0
u1_3=6.7637122109
uattacked1_3=6.7637122109
attackOnY1_3=4.2802679971
y1_3=2.1131443443
r1_3=1.9947650575
r_3=1.9947650575
x1_4=-0.2768304193
x2_4=-0.6816061635
z1_4=2.2066113987
z2_4=3.4415647253
xabs1_4=0.2768304193
xabs2_4=0.6816061635
attackOnU1_4=0.0
u1_4=6.7637122109
uattacked1_4=6.7637122109
attackOnY1_4=2.6802111319
y1_4=4.0034375777
r1_4=1.796826179
r_4=1.796826179
x1_5=-0.3111724746
x2_5=-0.0052349424
z1_5=4.3638037148
z2_5=5.8953564027
xabs1_5=0.3111724746
xabs2_5=0.0052349424
attackOnU1_5=0.0
u1_5=-103.333333333
uattacked1_5=-103.333333333
attackOnY1_5=1.2950539064
y1_5=2.3690386572
r1_5=-1.9947650575
r_5=1.9947650575
x1_6=-0.8283626355
x2_6=-10.3385682757
z1_6=2.4614563284
z2_6=-6.4111985254
xabs1_6=0.8283626355
xabs2_6=10.3385682757
attackOnU1_6=0.0
u1_6=-103.333333333
uattacked1_6=-103.333333333
attackOnY1_6=-0.2874254785
y1_6=0.4666912708
r1_6=-1.9947650575
r_6=1.9947650575
x1_7=-2.3788861298
x2_7=-20.6719016091
z1_7=-0.6715465507
z2_7=-18.7177534537
xabs1_7=2.3788861298
xabs2_7=20.6719016091
attackOnU1_7=0.0
u1_7=-103.333333333
uattacked1_7=-103.333333333
attackOnY1_7=0.0
y1_7=-2.6663116083
r1_7=-1.9947650575
r_7=1.9947650575
x1_8=-4.9627429573
x2_8=-31.0052349424
z1_8=-5.0352049228
z2_8=-31.024308382
xabs1_8=4.9627429573
xabs2_8=31.0052349424
attackOnU1_8=0.0
u1_8=-103.333333333
uattacked1_8=-103.333333333
attackOnY1_8=0.0
y1_8=-4.9627429573
r1_8=0.0724619654
r_8=0.0724619654
x1_9=-8.5799331183
x2_9=-41.3385682757
z1_9=-8.5825505895
z2_9=-41.2859623391
xabs1_9=8.5799331183
xabs2_9=41.3385682757
attackOnU1_9=0.0
u1_9=371.349378417
uattacked1_9=371.349378417
attackOnY1_9=0.0
y1_9=-8.5799331183
r1_9=0.0026174712
r_9=0.0026174712
x1_10=-10.8570430538
x2_10=-4.203630434
z1_10=-10.8518081113
z2_10=-4.1484352949
xabs1_10=10.8570430538
xabs2_10=4.203630434
attackOnU1_10=0.0
u1_10=197.445924714
uattacked1_10=197.445924714
attackOnY1_10=0.0
y1_10=-10.8570430538
r1_10=-0.0052349424
r_10=0.0052349424
attack on control signal component 1
[0. 0. 0. 0. 0. 0. 0. 0. 0. 0. 0. 0.]
attack on sensor 1
[-0.51316985  0.12518445  2.28799559  4.280268    2.68021113  1.29505391
 -0.28742548  0.          0.          0.          0.          0.        ]
