sat
x1_0=-0.1
x2_0=-1.0
z1_0=0.0
z2_0=0.0
xabs1_0=0.1
xabs2_0=1.0
attackOnU1_0=1167.80994194
u1_0=0.0
uattacked1_0=0.0
attackOnY1_0=0.1510826269
y1_0=0.0
r1_0=0.0
r_0=0.0
x1_1=-0.2
x2_1=-1.0
z1_1=0.0
z2_1=0.0
xabs1_1=0.2
xabs2_1=1.0
attackOnU1_1=-926.246609346
u1_1=0.0
uattacked1_1=1167.80994194
attackOnY1_1=-5.6300866103
y1_1=-0.048917373
r1_1=-0.048917373
r_1=0.048917373
x1_2=5.5390497097
x2_2=115.780994194
z1_2=-0.091578214
z2_2=-0.4722091855
xabs1_2=5.5390497097
xabs2_2=115.780994194
attackOnU1_2=0.0
u1_2=4.1417599378
uattacked1_2=-922.104849408
attackOnY1_2=-12.5906720962
y1_2=-0.0910369006
r1_2=0.0005413134
r_2=0.0005413134
x1_3=12.506624882
x2_3=23.5705092534
z1_3=-0.1170769399
z2_3=-0.0528077845
xabs1_3=12.506624882
xabs2_3=23.5705092534
attackOnU1_3=232.009573674
u1_3=4.1417599378
uattacked1_3=-922.104849408
attackOnY1_3=-10.3418829024
y1_3=-0.0840472141
r1_3=0.0330297258
r_3=0.0330297258
x1_4=10.2531515603
x2_4=-68.6399756873
z1_4=-0.039813969
z2_4=0.6802107587
xabs1_4=10.2531515603
xabs2_4=68.6399756873
attackOnU1_4=0.0
u1_4=-3.2132634722
uattacked1_4=228.796310201
attackOnY1_4=-4.6136555941
y1_4=-0.088731342
r1_4=-0.048917373
r_4=0.048917373
x1_5=4.5331355426
x2_5=-45.7603446672
z1_5=-0.0794374245
z2_5=-0.1133247739
xabs1_5=4.5331355426
xabs2_5=45.7603446672
attackOnU1_5=0.0
u1_5=-3.2132634722
uattacked1_5=228.796310201
attackOnY1_5=-1.1610282591
y1_5=-0.0805200515
r1_5=-0.0010826269
r_5=0.0010826269
x1_6=1.1010826269
x2_6=-22.880713647
z1_6=-0.1088630052
z2_6=-0.4451019356
xabs1_6=1.1010826269
xabs2_6=22.880713647
attackOnU1_6=0.0
u1_6=-3.2132634722
uattacked1_6=228.796310201
attackOnY1_6=0.0
y1_6=-0.0599456322
r1_6=0.048917373
r_6=0.048917373
x1_7=-0.0430071867
x2_7=-0.0010826269
z1_7=-0.077861302
z2_7=-0.2942190973
xabs1_7=0.0430071867
xabs2_7=0.0010826269
attackOnU1_7=0.0
u1_7=2.9140596179
uattacked1_7=2.9140596179
attackOnY1_7=0.0
y1_7=-0.0430071867
r1_7=0.0348541153
r_7=0.0348541153
x1_8=-0.0285451513
x2_8=0.2903233348
z1_8=-0.0274625244
z2_8=0.3336406106
xabs1_8=0.0285451513
xabs2_8=0.2903233348
attackOnU1_8=0.0
u1_8=-1.4489101068
uattacked1_8=-1.4489101068
attackOnY1_8=0.0
y1_8=-0.0285451513
r1_8=-0.0010826269
r_8=0.0010826269
x1_9=-0.0067573684
x2_9=0.1454323241
z1_9=-0.0033697997
z2_9=0.1782987855
xabs1_9=0.0067573684
xabs2_9=0.1454323241
attackOnU1_9=0.0
u1_9=-1.4489101068
uattacked1_9=-1.4489101068
attackOnY1_9=0.0
y1_9=-0.0067573684
r1_9=-0.0033875686
r_9=0.0033875686
attack on control signal component 1
[1167.80994194 -926.24660935    0.          232.00957367    0.
    0.            0.            0.            0.            0.
    0.        ]
attack on sensor 1
[  0.15108263  -5.63008661 -12.5906721  -10.3418829   -4.61365559
  -1.16102826   0.           0.           0.           0.
   0.        ]
