sat
x1_0=2.5
x2_0=2.451675742
z1_0=0.0
z2_0=0.0
xabs1_0=2.5
xabs2_0=2.451675742
attackOnU1_0=0.0
u1_0=0.0
uattacked1_0=0.0
attackOnY1_0=-4.7174957898
y1_0=0.0
r1_0=0.0
r_0=0.0
x1_1=2.7451675742
x2_1=2.451675742
z1_1=0.0
z2_1=0.0
xabs1_1=2.7451675742
xabs2_1=2.451675742
attackOnU1_1=0.0
u1_1=0.0
uattacked1_1=0.0
attackOnY1_1=-5.7293752327
y1_1=-1.9723282156
r1_1=-1.9723282156
r_1=1.9723282156
x1_2=2.9903351484
x2_2=2.451675742
z1_2=-1.9529993991
z2_2=-1.9510270709
xabs1_2=2.9903351484
xabs2_2=2.451675742
attackOnU1_2=0.0
u1_2=0.0
uattacked1_2=0.0
attackOnY1_2=-4.1896140996
y1_2=-2.7390400843
r1_2=-0.7860406851
r_2=0.7860406851
x1_3=3.2355027226
x2_3=2.451675742
z1_3=-2.9264395926
z2_3=-2.7285785166
xabs1_3=3.2355027226
xabs2_3=2.451675742
attackOnU1_3=0.0
u1_3=62.361169236
uattacked1_3=62.361169236
attackOnY1_3=-2.7546401263
y1_3=-0.954111377
r1_3=1.9723282156
r_3=1.9723282156
x1_4=3.7924761429
x2_4=8.6877926656
z1_4=-0.934492199
z2_4=5.4585654778
xabs1_4=3.7924761429
xabs2_4=8.6877926656
attackOnU1_4=0.0
u1_4=62.361169236
uattacked1_4=62.361169236
attackOnY1_4=-1.1245634458
y1_4=1.0378360166
r1_4=1.9723282156
r_4=1.9723282156
x1_5=4.9730612557
x2_5=14.9239095892
z1_5=1.8761695941
z2_5=13.6457094724
xabs1_5=4.9730612557
xabs2_5=14.9239095892
attackOnU1_5=0.0
u1_5=62.361169236
uattacked1_5=62.361169236
attackOnY1_5=0.7006159415
y1_5=3.8484978098
r1_5=1.9723282156
r_5=1.9723282156
x1_6=6.7772580608
x2_6=21.1600265128
z1_6=5.5055457867
z2_6=21.832853467
xabs1_6=6.7772580608
xabs2_6=21.1600265128
attackOnU1_6=0.0
u1_6=-211.876982971
uattacked1_6=-211.876982971
attackOnY1_6=1.7194575125
y1_6=7.4778740024
r1_6=1.9723282156
r_6=1.9723282156
x1_7=7.8338757972
x2_7=-0.0276717843
z1_7=8.5824456177
z2_7=2.5961822408
xabs1_7=7.8338757972
xabs2_7=0.0276717843
attackOnU1_7=0.0
u1_7=-152.278422826
uattacked1_7=-152.278422826
attackOnY1_7=0.0
y1_7=9.5533333098
r1_7=0.970887692
r_7=0.970887692
x1_8=7.0697165046
x2_8=-15.2555140668
z1_8=9.0420447203
z2_8=-11.6712579367
xabs1_8=7.0697165046
xabs2_8=15.2555140668
attackOnU1_8=0.0
u1_8=-78.8607885871
uattacked1_8=-78.8607885871
attackOnY1_8=0.0
y1_8=7.0697165046
r1_8=-1.9723282156
r_8=1.9723282156
x1_9=5.149861155
x2_9=-23.1415929255
z1_9=5.5276155845
z2_9=-21.5083638664
xabs1_9=5.149861155
xabs2_9=23.1415929255
attackOnU1_9=0.0
u1_9=-78.8607885871
uattacked1_9=-78.8607885871
attackOnY1_9=0.0
y1_9=5.149861155
r1_9=-0.3777544295
r_9=0.3777544295
x1_10=2.4413979195
x2_10=-31.0276717843
z1_10=2.6084228188
z2_10=-29.7681174068
xabs1_10=2.4413979195
xabs2_10=31.0276717843
attackOnU1_10=0.0
u1_10=126.739494909
uattacked1_10=126.739494909
attackOnY1_10=0.0
y1_10=2.4413979195
r1_10=-0.1670248993
r_10=0.1670248993
attack on control signal component 1
[0. 0. 0. 0. 0. 0. 0. 0. 0. 0. 0. 0.]
attack on sensor 1
[-4.71749579 -5.72937523 -4.1896141  -2.75464013 -1.12456345  0.70061594
  1.71945751  0.          0.          0.          0.          0.        ]
