sat
x1_0=0.0
x2_0=0.2064519488
z1_0=0.0
z2_0=0.0
xabs1_0=0.0
xabs2_0=0.2064519488
attackOnU1_0=0.0
u1_0=0.0
uattacked1_0=0.0
attackOnY1_0=0.0
y1_0=0.0
r1_0=0.0
r_0=0.0
x1_1=0.0412903897
x2_1=0.2064519488
z1_1=0.0
z2_1=0.0
xabs1_1=0.0412903897
xabs2_1=0.2064519488
attackOnU1_1=0.0
u1_1=0.0
uattacked1_1=0.0
attackOnY1_1=0.0
y1_1=0.0412903897
r1_1=0.0412903897
r_1=0.0412903897
x1_2=0.0825807795
x2_2=0.2064519488
z1_2=0.0348862503
z2_2=0.0529962152
xabs1_2=0.0825807795
xabs2_2=0.2064519488
attackOnU1_2=0.0
u1_2=0.0
uattacked1_2=0.0
attackOnY1_2=0.0
y1_2=0.0825807795
r1_2=0.0476945292
r_2=0.0476945292
x1_3=0.1238711693
x2_3=0.2064519488
z1_3=0.0857826011
z2_3=0.1142121435
xabs1_3=0.1238711693
xabs2_3=0.2064519488
attackOnU1_3=0.0
u1_3=0.0
uattacked1_3=0.0
attackOnY1_3=0.0
y1_3=0.1238711693
r1_3=0.0380885681
r_3=0.0380885681
x1_4=0.165161559
x2_4=0.2064519488
z1_4=0.140806061
z2_4=0.1630988208
xabs1_4=0.165161559
xabs2_4=0.2064519488
attackOnU1_4=55.544661085
u1_4=0.0
uattacked1_4=0.0
attackOnY1_4=-0.0147536341
y1_4=0.165161559
r1_4=0.0243554979
r_4=0.0243554979
x1_5=0.2064519488
x2_5=0.2064519488
z1_5=0.1940037854
z2_5=0.1943591024
xabs1_5=0.2064519488
xabs2_5=0.2064519488
attackOnU1_5=-112.5484914344
u1_5=-5.7532965203
uattacked1_5=49.7913645646
attackOnY1_5=-1.1352615213
y1_5=0.1916983147
r1_5=-0.0023054707
r_5=0.0023054707
x1_6=1.2435696299
x2_6=10.1647248617
z1_6=0.1158617833
z2_6=-0.9592592733
xabs1_6=1.2435696299
xabs2_6=10.1647248617
attackOnU1_6=55.4513061416
u1_6=3.8380348603
uattacked1_6=-108.710456574
attackOnY1_6=-1.1556114739
y1_6=0.1083081085
r1_6=-0.0075536747
r_6=0.0075536747
x1_7=1.1023054707
x2_7=-11.577366453
z1_7=-0.0056114739
z2_7=-0.2013474428
xabs1_7=1.1023054707
xabs2_7=11.577366453
attackOnU1_7=0.0
u1_7=1.490378433
uattacked1_7=56.9416845747
attackOnY1_7=0.0
y1_7=-0.0533060031
r1_7=-0.0476945292
r_7=0.0476945292
x1_8=-0.0743341283
x2_8=-0.189029538
z1_8=-0.0563705016
z2_8=0.0355123154
xabs1_8=0.0743341283
xabs2_8=0.189029538
attackOnU1_8=0.0
u1_8=1.0494699254
uattacked1_8=1.0494699254
attackOnY1_8=0.0
y1_8=-0.0743341283
r1_8=-0.0179636267
r_8=0.0179636267
x1_9=-0.0911506374
x2_9=0.0208644469
z1_9=-0.0434561082
z2_9=0.2223499856
xabs1_9=0.0911506374
xabs2_9=0.0208644469
attackOnU1_9=0.0
u1_9=1.0494699254
uattacked1_9=1.0494699254
attackOnY1_9=0.0
y1_9=-0.0911506374
r1_9=-0.0476945292
r_9=0.0476945292
x1_10=-0.0659883495
x2_10=0.230758432
z1_10=-0.0182938203
z2_10=0.3710280425
xabs1_10=0.0659883495
xabs2_10=0.230758432
attackOnU1_10=0.0
u1_10=1.0494699254
uattacked1_10=1.0494699254
attackOnY1_10=0.0
y1_10=-0.0659883495
r1_10=-0.0476945292
r_10=0.0476945292
attack on control signal component 1
[   0.            0.            0.            0.           55.54466109
 -112.54849143   55.45130614    0.            0.            0.
    0.            0.        ]
attack on sensor 1
[ 0.          0.          0.          0.         -0.01475363 -1.13526152
 -1.15561147  0.          0.          0.          0.          0.        ]
