sat
x1_0=0.0781613967
x2_0=0.0781613967
z1_0=0.0
z2_0=0.0
xabs1_0=0.0781613967
xabs2_0=0.0781613967
attackOnU1_0=0.0
u1_0=0.0
uattacked1_0=0.0
attackOnY1_0=-0.2513998041
y1_0=0.0
r1_0=0.0
r_0=0.0
x1_1=0.0859775364
x2_1=0.0781613967
z1_1=0.0
z2_1=0.0
xabs1_1=0.0859775364
xabs2_1=0.0781613967
attackOnU1_1=0.0
u1_1=0.0
uattacked1_1=0.0
attackOnY1_1=1.5860824008
y1_1=-0.1654222676
r1_1=-0.1654222676
r_1=0.1654222676
x1_2=0.0937936761
x2_2=0.0781613967
z1_2=-0.1638011294
z2_2=-0.1636357071
xabs1_2=0.0937936761
xabs2_2=0.0781613967
attackOnU1_2=0.0
u1_2=3.552302966
uattacked1_2=3.552302966
attackOnY1_2=3.3847332558
y1_2=1.6798760769
r1_2=1.8436772064
r_2=1.8436772064
x1_3=0.1193713306
x2_3=0.4333916933
z1_3=1.6632059844
z2_3=2.015360082
xabs1_3=0.1193713306
xabs2_3=0.4333916933
attackOnU1_3=0.0
u1_3=3.552302966
uattacked1_3=3.552302966
attackOnY1_3=3.0295713121
y1_3=3.5041045865
r1_3=1.840898602
r_3=1.840898602
x1_4=0.1804720148
x2_4=0.78862199
z1_4=3.7053613032
z2_4=4.1916072758
xabs1_4=0.1804720148
xabs2_4=0.78862199
attackOnU1_4=0.0
u1_4=-83.1314014809
uattacked1_4=-83.1314014809
attackOnY1_4=1.5310467504
y1_4=3.2100433269
r1_4=-0.4953179763
r_4=0.4953179763
x1_5=-0.1563227935
x2_5=-7.524518158
z1_5=3.2184011632
z2_5=-4.6115014144
xabs1_5=0.1563227935
xabs2_5=7.524518158
attackOnU1_5=0.0
u1_5=-83.1314014809
uattacked1_5=-83.1314014809
attackOnY1_5=-0.0032607449
y1_5=1.3747239568
r1_5=-1.8436772064
r_5=1.8436772064
x1_6=-1.3244316167
x2_6=-15.8376583061
z1_6=0.5159848446
z2_6=-14.7484070551
xabs1_6=1.3244316167
xabs2_6=15.8376583061
attackOnU1_6=0.0
u1_6=-83.1314014809
uattacked1_6=-83.1314014809
attackOnY1_6=-1.7199447896
y1_6=-1.3276923617
r1_6=-1.8436772064
r_6=1.8436772064
x1_7=-3.3238544548
x2_7=-24.1507984542
z1_7=-3.200122038
z2_7=-24.8853126958
xabs1_7=3.3238544548
xabs2_7=24.1507984542
attackOnU1_7=0.0
u1_7=-83.1314014809
uattacked1_7=-83.1314014809
attackOnY1_7=0.0
y1_7=-5.0437992445
r1_7=-1.8436772064
r_7=1.8436772064
x1_8=-6.1545913076
x2_8=-32.4639386023
z1_8=-7.9299194848
z2_8=-35.0222183365
xabs1_8=6.1545913076
xabs2_8=32.4639386023
attackOnU1_8=0.0
u1_8=325.420999991
uattacked1_8=325.420999991
attackOnY1_8=0.0
y1_8=-6.1545913076
r1_8=1.7753281772
r_8=1.7753281772
x1_9=-7.7738801679
x2_9=0.0781613967
z1_9=-8.0471063574
z2_9=-0.7239637044
xabs1_9=7.7738801679
xabs2_9=0.0781613967
attackOnU1_9=0.0
u1_9=133.095951619
uattacked1_9=133.095951619
attackOnY1_9=0.0
y1_9=-7.7738801679
r1_9=0.2732261895
r_9=0.2732261895
x1_10=-7.1005842701
x2_10=13.3877565586
z1_10=-7.1834743969
z2_10=12.8559068041
xabs1_10=7.1005842701
xabs2_10=13.3877565586
attackOnU1_10=0.0
u1_10=42.3598157712
uattacked1_10=42.3598157712
attackOnY1_10=0.0
y1_10=-7.1005842701
r1_10=0.0828901267
r_10=0.0828901267
attack on control signal component 1
[0. 0. 0. 0. 0. 0. 0. 0. 0. 0. 0. 0.]
attack on sensor 1
[-2.51399804e-01  1.58608240e+00  3.38473326e+00  3.02957131e+00
  1.53104675e+00 -3.26074490e-03 -1.71994479e+00  0.00000000e+00
  0.00000000e+00  0.00000000e+00  0.00000000e+00  0.00000000e+00]
