sat
x1_0=0.1
x2_0=-0.9996841258
z1_0=0.0
z2_0=0.0
xabs1_0=0.1
xabs2_0=0.9996841258
attackOnU1_0=240.0
u1_0=0.0
uattacked1_0=0.0
attackOnY1_0=-9.47622e-05
y1_0=0.0
r1_0=0.0
r_0=0.0
x1_1=3.15874e-05
x2_1=-0.9996841258
z1_1=0.0
z2_1=0.0
xabs1_1=3.15874e-05
xabs2_1=0.9996841258
attackOnU1_1=-454.805008374
u1_1=0.0
uattacked1_1=240.0
attackOnY1_1=-1.0945890972
y1_1=-6.31748e-05
r1_1=-6.31748e-05
r_1=6.31748e-05
x1_2=1.1000631748
x2_2=23.0003158741
z1_2=-0.0001182696
z2_2=-0.0006098393
xabs1_2=1.1000631748
xabs2_2=23.0003158741
attackOnU1_2=224.831699924
u1_2=0.0053489178
uattacked1_2=-454.799659456
attackOnY1_2=-1.1257163658
y1_2=0.0054740776
r1_2=0.0055923472
r_2=0.0055923472
x1_3=1.1260964649
x2_3=-22.4796500713
z1_3=0.0103169243
z2_3=0.0539090988
xabs1_3=1.1260964649
xabs2_3=22.4796500713
attackOnU1_3=0.0
u1_3=-0.4706264594
uattacked1_3=224.361073465
attackOnY1_3=0.0
y1_3=0.0003800991
r1_3=-0.0099368251
r_3=0.0099368251
x1_4=-6.31748e-05
x2_4=-0.0435427248
z1_4=-0.0052480284
z2_4=-0.0890757077
xabs1_4=6.31748e-05
xabs2_4=0.0435427248
attackOnU1_4=0.0
u1_4=0.5884914189
uattacked1_4=0.5884914189
attackOnY1_4=0.0
y1_4=-6.31748e-05
r1_4=0.0051848536
r_4=0.0051848536
x1_5=-0.0014749902
x2_5=0.015306417
z1_5=-0.0015065776
z2_5=0.0198238634
xabs1_5=0.0014749902
xabs2_5=0.015306417
attackOnU1_5=0.0
u1_5=-0.0880959383
uattacked1_5=-0.0880959383
attackOnY1_5=0.0
y1_5=-0.0014749902
r1_5=3.15874e-05
r_5=3.15874e-05
x1_6=-0.0003848282
x2_6=0.0064968231
z1_6=9.44638e-05
z2_6=0.0113191892
xabs1_6=0.0003848282
xabs2_6=0.0064968231
attackOnU1_6=0.0
u1_6=-0.065605787
uattacked1_6=-0.065605787
attackOnY1_6=0.0
y1_6=-0.0003848282
r1_6=-0.000479292
r_6=0.000479292
attack on control signal component 1
[ 240.         -454.80500837  224.83169992    0.            0.
    0.            0.            0.        ]
attack on sensor 1
[-9.47622000e-05 -1.09458910e+00 -1.12571637e+00  0.00000000e+00
  0.00000000e+00  0.00000000e+00  0.00000000e+00  0.00000000e+00]
