sat
x1_0=1.1785517792
x2_0=2.4937448759
z1_0=0.0
z2_0=0.0
xabs1_0=1.1785517792
xabs2_0=2.4937448759
attackOnU1_0=0.0
u1_0=0.0
uattacked1_0=0.0
attackOnY1_0=-3.3669299759
y1_0=0.0
r1_0=0.0
r_0=0.0
x1_1=1.4279262668
x2_1=2.4937448759
z1_1=0.0
z2_1=0.0
xabs1_1=1.4279262668
xabs2_1=2.4937448759
attackOnU1_1=0.0
u1_1=0.0
uattacked1_1=0.0
attackOnY1_1=-3.6582985181
y1_1=-1.9390037091
r1_1=-1.9390037091
r_1=1.9390037091
x1_2=1.6773007544
x2_2=2.4937448759
z1_2=-1.9200014727
z2_2=-1.918062469
xabs1_2=1.6773007544
xabs2_2=2.4937448759
attackOnU1_2=0.0
u1_2=41.6384609212
uattacked1_2=41.6384609212
attackOnY1_2=-2.1598777798
y1_2=-1.9809977636
r1_2=-0.0609962908
r_2=0.0609962908
x1_3=2.1348675466
x2_3=6.657590968
z1_3=-1.9640139423
z2_3=2.1854460921
xabs1_3=2.1348675466
xabs2_3=6.657590968
attackOnU1_3=0.0
u1_3=41.6384609212
uattacked1_3=41.6384609212
attackOnY1_3=-2.5955963583
y1_3=-0.0250102331
r1_3=1.9390037091
r_3=1.9390037091
x1_4=3.008818948
x2_4=10.8214370601
z1_4=0.3827244442
z2_4=8.2673546533
xabs1_4=3.008818948
xabs2_4=10.8214370601
attackOnU1_4=0.0
u1_4=41.6384609212
uattacked1_4=41.6384609212
attackOnY1_4=-1.6075173985
y1_4=0.4132225897
r1_4=0.0304981454
r_4=0.0304981454
x1_5=4.2991549586
x2_5=14.9852831522
z1_5=1.4478514778
z2_5=12.4613695109
xabs1_5=4.2991549586
xabs2_5=14.9852831522
attackOnU1_5=0.0
u1_5=41.6384609212
uattacked1_5=41.6384609212
attackOnY1_5=0.0669058428
y1_5=2.6916375601
r1_5=1.2437860823
r_5=1.2437860823
x1_6=6.0058755785
x2_6=19.1491292444
z1_6=4.1337777122
z2_6=17.8555687956
xabs1_6=6.0058755785
xabs2_6=19.1491292444
attackOnU1_6=0.0
u1_6=-167.367085118
uattacked1_6=-167.367085118
attackOnY1_6=-2.0204561475
y1_6=6.0727814213
r1_6=1.9390037091
r_6=1.9390037091
x1_7=7.0839530773
x2_7=2.4124207326
z1_7=7.002500639
z2_7=3.0369227529
xabs1_7=7.0839530773
xabs2_7=2.4124207326
attackOnU1_7=0.0
u1_7=-167.367085118
uattacked1_7=-167.367085118
attackOnY1_7=0.0
y1_7=5.0634969298
r1_7=-1.9390037091
r_7=1.9390037091
x1_8=6.488359725
x2_8=-14.3242877791
z1_8=4.5493560159
z2_8=-15.6178482278
xabs1_8=6.488359725
xabs2_8=14.3242877791
attackOnU1_8=0.0
u1_8=-167.367085118
uattacked1_8=-167.367085118
attackOnY1_8=0.0
y1_8=6.488359725
r1_8=1.9390037091
r_8=1.9390037091
x1_9=4.2190955215
x2_9=-31.0609962908
z1_9=4.0707372403
z2_9=-30.4364942705
xabs1_9=4.2190955215
xabs2_9=31.0609962908
attackOnU1_9=0.0
u1_9=107.082785749
uattacked1_9=107.082785749
attackOnY1_9=0.0
y1_9=4.2190955215
r1_9=0.1483582812
r_9=0.1483582812
x1_10=1.6484098212
x2_10=-20.3527177159
z1_10=1.709406112
z2_10=-19.5814596838
xabs1_10=1.6484098212
xabs2_10=20.3527177159
attackOnU1_10=0.0
u1_10=83.4720191641
uattacked1_10=83.4720191641
attackOnY1_10=0.0
y1_10=1.6484098212
r1_10=-0.0609962908
r_10=0.0609962908
attack on control signal component 1
[0. 0. 0. 0. 0. 0. 0. 0. 0. 0. 0. 0.]
attack on sensor 1
[-3.36692998 -3.65829852 -2.15987778 -2.59559636 -1.6075174   0.06690584
 -2.02045615  0.          0.          0.          0.          0.        ]
