sat
x1_0=0.0237110171
x2_0=-0.1778326286
z1_0=0.0
z2_0=0.0
xabs1_0=0.0237110171
xabs2_0=0.1778326286
attackOnU1_0=0.0
u1_0=0.0
uattacked1_0=0.0
attackOnY1_0=-1.9940722457
y1_0=0.0
r1_0=0.0
r_0=0.0
x1_1=0.0059277542
x2_1=-0.1778326286
z1_1=0.0
z2_1=0.0
xabs1_1=0.0059277542
xabs2_1=0.1778326286
attackOnU1_1=0.0
u1_1=0.0
uattacked1_1=0.0
attackOnY1_1=-3.9449496582
y1_1=-1.9881444914
r1_1=-1.9881444914
r_1=1.9881444914
x1_2=-0.0118555085
x2_2=-0.1778326286
z1_2=-1.9686606754
z2_2=-1.9666725309
xabs1_2=0.0118555085
xabs2_2=0.1778326286
attackOnU1_2=0.0
u1_2=42.6937175634
uattacked1_2=42.6937175634
attackOnY1_2=-6.0924943238
y1_2=-3.9568051668
r1_2=-1.9881444914
r_2=1.9881444914
x1_3=0.1838298163
x2_3=4.0915391276
z1_3=-3.920520016
z2_3=0.3360266945
xabs1_3=0.1838298163
xabs2_3=4.0915391276
attackOnU1_3=0.0
u1_3=42.6937175634
uattacked1_3=42.6937175634
attackOnY1_3=-4.5636318676
y1_3=-5.9086645075
r1_3=-1.9881444914
r_3=1.9881444914
x1_4=0.8064523169
x2_4=8.360910884
z1_4=-5.6421094342
z2_4=2.6387259199
xabs1_4=0.8064523169
xabs2_4=8.360910884
attackOnU1_4=0.0
u1_4=75.5031487485
uattacked1_4=75.5031487485
attackOnY1_4=-3.1661781855
y1_4=-3.7571795507
r1_4=1.8849298834
r_4=1.8849298834
x1_5=2.020059149
x2_5=15.9112257588
z1_5=-3.1342635278
z2_5=12.0536134355
xabs1_5=2.020059149
xabs2_5=15.9112257588
attackOnU1_5=0.0
u1_5=75.5031487485
uattacked1_5=75.5031487485
attackOnY1_5=-1.5832787424
y1_5=-1.1461190364
r1_5=1.9881444914
r_5=1.9881444914
x1_6=3.9886974687
x2_6=23.4615406337
z1_6=0.4172742348
z2_6=21.5706008413
xabs1_6=3.9886974687
xabs2_6=23.4615406337
attackOnU1_6=0.0
u1_6=75.5031487485
uattacked1_6=75.5031487485
attackOnY1_6=0.1962879536
y1_6=2.4054187262
r1_6=1.9881444914
r_6=1.9881444914
x1_7=6.7123672758
x2_7=31.0118555085
z1_7=4.9205107381
z2_7=31.087588247
xabs1_7=6.7123672758
xabs2_7=31.0118555085
attackOnU1_7=0.0
u1_7=-254.900913407
uattacked1_7=-254.900913407
attackOnY1_7=0.0
y1_7=6.9086552295
r1_7=1.9881444914
r_7=1.9881444914
x1_8=8.5390482596
x2_8=5.5217641678
z1_8=8.7234256711
z2_8=7.5641694373
xabs1_8=8.5390482596
xabs2_8=5.5217641678
attackOnU1_8=0.0
u1_8=-182.668098382
uattacked1_8=-182.668098382
attackOnY1_8=0.0
y1_8=8.5390482596
r1_8=-0.1843774115
r_8=0.1843774115
x1_9=8.1778841845
x2_9=-12.7450456703
z1_9=8.3839316101
z2_9=-10.8850265364
xabs1_9=8.1778841845
xabs2_9=12.7450456703
attackOnU1_9=0.0
u1_9=-182.668098382
uattacked1_9=-182.668098382
attackOnY1_9=0.0
y1_9=8.1778841845
r1_9=-0.2060474255
r_9=0.2060474255
x1_10=5.9900391255
x2_10=-31.0118555085
z1_10=6.1780603037
z2_10=-29.355658488
xabs1_10=5.9900391255
xabs2_10=31.0118555085
attackOnU1_10=0.0
u1_10=67.1820672095
uattacked1_10=67.1820672095
attackOnY1_10=0.0
y1_10=5.9900391255
r1_10=-0.1880211781
r_10=0.1880211781
attack on control signal component 1
[0. 0. 0. 0. 0. 0. 0. 0. 0. 0. 0. 0.]
attack on sensor 1
[-1.99407225 -3.94494966 -6.09249432 -4.56363187 -3.16617819 -1.58327874
  0.19628795  0.          0.          0.          0.          0.        ]
