sat
x1_0=-2.2265186084
x2_0=-3.0
z1_0=0.0
z2_0=0.0
xabs1_0=2.2265186084
xabs2_0=3.0
attackOnU1_0=0.0
u1_0=0.0
uattacked1_0=0.0
attackOnY1_0=4.4970935626
y1_0=0.0
r1_0=0.0
r_0=0.0
x1_1=-2.5265186084
x2_1=-3.0
z1_1=0.0
z2_1=0.0
xabs1_1=2.5265186084
xabs2_1=3.0
attackOnU1_1=0.0
u1_1=0.0
uattacked1_1=0.0
attackOnY1_1=2.8072069739
y1_1=1.9705749542
r1_1=1.9705749542
r_1=1.9705749542
x1_2=-2.8265186084
x2_2=-3.0
z1_2=1.9512633196
z2_2=1.9492927447
xabs1_2=2.8265186084
xabs2_2=3.0
attackOnU1_2=0.0
u1_2=-42.3164266457
uattacked1_2=-42.3164266457
attackOnY1_2=1.3508729287
y1_2=-0.0193116345
r1_2=-1.9705749542
r_2=1.9705749542
x1_3=-3.3381007416
x2_3=-7.2316426645
z1_3=-0.0166528587
z2_3=-4.2316426645
xabs1_3=3.3381007416
xabs2_3=7.2316426645
attackOnU1_3=0.0
u1_3=-42.3164266457
uattacked1_3=-42.3164266457
attackOnY1_3=1.6848970861
y1_3=-1.9872278129
r1_3=-1.9705749542
r_3=1.9705749542
x1_4=-4.2728471413
x2_4=-11.4632853291
z1_4=-2.6026625781
z2_4=-10.4125780738
xabs1_4=4.2728471413
xabs2_4=11.4632853291
attackOnU1_4=0.0
u1_4=-42.3164266457
uattacked1_4=-42.3164266457
attackOnY1_4=1.8045361518
y1_4=-2.5879500552
r1_4=0.0147125228
r_4=0.0147125228
x1_5=-5.6307578075
x2_5=-15.6949279937
z1_5=-3.8409341785
z2_5=-14.6296671107
xabs1_5=5.6307578075
xabs2_5=15.6949279937
attackOnU1_5=0.0
u1_5=-42.3164266457
uattacked1_5=-42.3164266457
attackOnY1_5=-0.0596568967
y1_5=-3.8262216556
r1_5=0.0147125228
r_5=0.0147125228
x1_6=-7.4118327401
x2_6=-19.9265706583
z1_6=-5.5009146826
z2_6=-18.8467561477
xabs1_6=7.4118327401
xabs2_6=19.9265706583
attackOnU1_6=0.0
u1_6=194.894865206
uattacked1_6=194.894865206
attackOnY1_6=-1.9029387653
y1_6=-7.4714896368
r1_6=-1.9705749542
r_6=1.9705749542
x1_7=-8.4300154799
x2_7=-0.4370841377
z1_7=-8.362379291
z2_7=-1.3065623718
xabs1_7=8.4300154799
xabs2_7=0.4370841377
attackOnU1_7=0.0
u1_7=194.894865206
uattacked1_7=194.894865206
attackOnY1_7=0.0
y1_7=-10.3329542452
r1_7=-1.9705749542
r_7=1.9705749542
x1_8=-7.4992495676
x2_8=19.0524023828
z1_8=-9.4698245218
z2_8=16.233631404
xabs1_8=7.4992495676
xabs2_8=19.0524023828
attackOnU1_8=0.0
u1_8=59.8851133146
uattacked1_8=59.8851133146
attackOnY1_8=0.0
y1_8=-7.4992495676
r1_8=1.9705749542
r_8=1.9705749542
x1_9=-5.2945837628
x2_9=25.0409137143
z1_9=-5.5957724952
z2_9=24.1714354802
xabs1_9=5.2945837628
xabs2_9=25.0409137143
attackOnU1_9=0.0
u1_9=59.8851133146
uattacked1_9=59.8851133146
attackOnY1_9=0.0
y1_9=-5.2945837628
r1_9=0.3011887324
r_9=0.3011887324
x1_10=-2.4910668248
x2_10=31.0294250457
z1_10=-2.5809662978
z2_10=30.4578827058
xabs1_10=2.4910668248
xabs2_10=31.0294250457
attackOnU1_10=0.0
u1_10=59.8851133146
uattacked1_10=59.8851133146
attackOnY1_10=0.0
y1_10=-2.4910668248
r1_10=0.0898994729
r_10=0.0898994729
attack on control signal component 1
[0. 0. 0. 0. 0. 0. 0. 0. 0. 0. 0. 0.]
attack on sensor 1
[ 4.49709356  2.80720697  1.35087293  1.68489709  1.80453615 -0.0596569
 -1.90293877  0.          0.          0.          0.          0.        ]
