sat
x1_0=-0.0080210555
x2_0=-0.2094108942
z1_0=0.0
z2_0=0.0
xabs1_0=0.0080210555
xabs2_0=0.2094108942
attackOnU1_0=0.0
u1_0=0.0
uattacked1_0=0.0
attackOnY1_0=0.0
y1_0=0.0
r1_0=0.0
r_0=0.0
x1_1=-0.0499032344
x2_1=-0.2094108942
z1_1=0.0
z2_1=0.0
xabs1_1=0.0499032344
xabs2_1=0.2094108942
attackOnU1_1=0.0
u1_1=0.0
uattacked1_1=0.0
attackOnY1_1=0.0
y1_1=-0.0499032344
r1_1=-0.0499032344
r_1=0.0499032344
x1_2=-0.0917854133
x2_2=-0.2094108942
z1_2=-0.0421632427
z2_2=-0.0640508014
xabs1_2=0.0917854133
xabs2_2=0.2094108942
attackOnU1_2=0.0
u1_2=0.0
uattacked1_2=0.0
attackOnY1_2=0.0
y1_2=-0.0917854133
r1_2=-0.0496221705
r_2=0.0496221705
x1_3=-0.1336675921
x2_3=-0.2094108942
z1_3=-0.0968991749
z2_3=-0.1277408572
xabs1_3=0.1336675921
xabs2_3=0.2094108942
attackOnU1_3=0.0
u1_3=0.0
uattacked1_3=0.0
attackOnY1_3=0.0
y1_3=-0.1336675921
r1_3=-0.0367684172
r_3=0.0367684172
x1_4=-0.175549771
x2_4=-0.2094108942
z1_4=-0.1535129821
z2_4=-0.1749331207
xabs1_4=0.175549771
xabs2_4=0.2094108942
attackOnU1_4=0.0
u1_4=0.0
uattacked1_4=0.0
attackOnY1_4=0.0
y1_4=-0.175549771
r1_4=-0.0220367889
r_4=0.0220367889
x1_5=-0.2174319498
x2_5=-0.2094108942
z1_5=-0.2071184892
z2_5=-0.2032173393
xabs1_5=0.2174319498
xabs2_5=0.2094108942
attackOnU1_5=0.0
u1_5=6.1132658614
uattacked1_5=6.1132658614
attackOnY1_5=0.0
y1_5=-0.2174319498
r1_5=-0.0103134606
r_5=0.0103134606
x1_6=-0.1370488115
x2_6=1.013242278
z1_6=-0.1342104827
z2_6=1.0061985061
xabs1_6=0.1370488115
xabs2_6=1.013242278
attackOnU1_6=0.0
u1_6=-3.7357543819
uattacked1_6=-3.7357543819
attackOnY1_6=0.0
y1_6=-0.1370488115
r1_6=-0.0028383287
r_6=0.0028383287
x1_7=-0.0091154435
x2_7=0.2660914016
z1_7=-0.0100839731
z2_7=0.2554046348
xabs1_7=0.0091154435
xabs2_7=0.2660914016
attackOnU1_7=0.0
u1_7=-1.4969499077
uattacked1_7=-1.4969499077
attackOnY1_7=-0.0521908067
y1_7=-0.0091154435
r1_7=0.0009685295
r_7=0.0009685295
x1_8=0.0141638386
x2_8=-0.0332985799
z1_8=0.0118762663
z2_8=-0.0427422389
xabs1_8=0.0141638386
xabs2_8=0.0332985799
attackOnU1_8=0.0185720933
u1_8=-1.4969499077
uattacked1_8=-1.4969499077
attackOnY1_8=0.0035636875
y1_8=-0.0380269681
r1_8=-0.0499032344
r_8=0.0499032344
x1_9=-0.0224348755
x2_9=-0.3326885614
z1_9=-0.0687744223
z2_9=-0.4061830219
xabs1_9=0.0224348755
xabs2_9=0.3326885614
attackOnU1_9=0.0
u1_9=4.3210606887
uattacked1_9=4.339632782
attackOnY1_9=-0.0193434036
y1_9=-0.0188711879
r1_9=0.0499032344
r_9=0.0499032344
x1_10=-0.0021799321
x2_10=0.5352379949
z1_10=-0.0214265702
z2_10=0.5220799172
xabs1_10=0.0021799321
xabs2_10=0.5352379949
attackOnU1_10=0.0
u1_10=4.3210606887
uattacked1_10=4.339632782
attackOnY1_10=0.0
y1_10=-0.0215233357
r1_10=-9.67655e-05
r_10=9.67655e-05
x1_11=0.1916603224
x2_11=1.4031645513
z1_11=0.1693288697
z2_11=1.3861678563
xabs1_11=0.1916603224
xabs2_11=1.4031645513
attackOnU1_11=0.0
u1_11=4.3210606887
uattacked1_11=4.339632782
attackOnY1_11=0.0
y1_11=0.1916603224
r1_11=0.0223314526
r_11=0.0223314526
x1_12=0.5590858883
x2_12=2.2710911077
z1_12=0.5518514991
z2_12=2.2790424136
xabs1_12=0.5590858883
xabs2_12=2.2710911077
attackOnU1_12=0.0
u1_12=4.3210606887
uattacked1_12=4.339632782
attackOnY1_12=0.0
y1_12=0.5590858883
r1_12=0.0072343891
r_12=0.0072343891
x1_13=1.1000967655
x2_13=3.1390176641
z1_13=1.1001935311
z2_13=3.1525398898
xabs1_13=1.1000967655
xabs2_13=3.1390176641
attackOnU1_13=0.0
u1_13=-46.4961485906
uattacked1_13=-46.4961485906
attackOnY1_13=0.0
y1_13=1.1000967655
r1_13=-9.67655e-05
r_13=9.67655e-05
attack on control signal component 1
[0.         0.         0.         0.         0.         0.
 0.         0.         0.01857209 0.         0.         0.
 0.         0.         0.        ]
attack on sensor 1
[ 0.          0.          0.          0.          0.          0.
  0.         -0.05219081  0.00356369 -0.0193434   0.          0.
  0.          0.          0.        ]
