sat
x1_0=-2.5
x2_0=-3.0
z1_0=0.0
z2_0=0.0
xabs1_0=2.5
xabs2_0=3.0
attackOnU1_0=0.0
u1_0=0.0
uattacked1_0=0.0
attackOnY1_0=2.798713352
y1_0=0.0
r1_0=0.0
r_0=0.0
x1_1=-2.8
x2_1=-3.0
z1_1=0.0
z2_1=0.0
xabs1_1=2.8
xabs2_1=3.0
attackOnU1_1=0.0
u1_1=0.0
uattacked1_1=0.0
attackOnY1_1=1.5552405523
y1_1=-0.0012866479
r1_1=-0.0012866479
r_1=0.0012866479
x1_2=-3.1
x2_2=-3.0
z1_2=-0.0012740387
z2_2=-0.0012727521
xabs1_2=3.1
xabs2_2=3.0
attackOnU1_2=0.0
u1_2=0.0
uattacked1_2=0.0
attackOnY1_2=0.419145986
y1_2=-1.5447594476
r1_2=-1.5434854088
r_2=1.5434854088
x1_3=-3.4
x2_3=-3.0
z1_3=-1.5297605658
z2_3=-1.5280885185
xabs1_3=3.4
xabs2_3=3.0
attackOnU1_3=0.0
u1_3=0.0
uattacked1_3=0.0
attackOnY1_3=0.581201174
y1_3=-2.9808540139
r1_3=-1.451093448
r_3=1.451093448
x1_4=-3.7
x2_4=-3.0
z1_4=-3.1194421499
z2_4=-2.9635101573
xabs1_4=3.7
xabs2_4=3.0
attackOnU1_4=0.0
u1_4=0.0
uattacked1_4=0.0
attackOnY1_4=-1.4138694983
y1_4=-3.1187988259
r1_4=0.0006433239
r_4=0.0006433239
x1_5=-4.0
x2_5=-3.0
z1_5=-3.4151561463
z2_5=-2.9628737813
xabs1_5=4.0
xabs2_5=3.0
attackOnU1_5=0.0
u1_5=71.5220199811
uattacked1_5=71.5220199811
attackOnY1_5=-3.3892828377
y1_5=-5.4138694983
r1_5=-1.998713352
r_5=1.998713352
x1_6=-3.9423899
x2_6=4.1522019981
z1_6=-5.3329593857
z2_6=2.2122009689
xabs1_6=3.9423899
xabs2_6=4.1522019981
attackOnU1_6=0.0
u1_6=72.9624812189
uattacked1_6=72.9624812189
attackOnY1_6=-1.5876351322
y1_6=-7.3316727377
r1_6=-1.998713352
r_6=1.998713352
x1_7=-3.1623572941
x2_7=11.44845012
z1_7=-6.7260528439
z2_7=7.5313218429
xabs1_7=3.1623572941
xabs2_7=11.44845012
attackOnU1_7=0.0
u1_7=65.1761217597
uattacked1_7=65.1761217597
attackOnY1_7=0.0
y1_7=-4.7499924264
r1_7=1.9760604175
r_7=1.9760604175
x1_8=-1.6916316733
x2_8=17.9660622959
z1_8=-3.6903450254
z2_8=16.0036529839
xabs1_8=1.6916316733
xabs2_8=17.9660622959
attackOnU1_8=0.0
u1_8=65.1761217597
uattacked1_8=65.1761217597
attackOnY1_8=0.0
y1_8=-1.6916316733
r1_8=1.998713352
r_8=1.998713352
x1_9=0.430855165
x2_9=24.4836744719
z1_9=0.2150268429
z2_9=24.4983924077
xabs1_9=0.430855165
xabs2_9=24.4836744719
attackOnU1_9=0.0
u1_9=65.1761217597
uattacked1_9=65.1761217597
attackOnY1_9=0.0
y1_9=0.430855165
r1_9=0.215828322
r_9=0.215828322
x1_10=3.205103221
x2_10=31.0012866479
z1_10=3.204459897
z2_10=31.2295019599
xabs1_10=3.205103221
xabs2_10=31.0012866479
attackOnU1_10=0.0
u1_10=65.1761217597
uattacked1_10=65.1761217597
attackOnY1_10=0.0
y1_10=3.205103221
r1_10=0.0006433239
r_10=0.0006433239
attack on control signal component 1
[0. 0. 0. 0. 0. 0. 0. 0. 0. 0. 0. 0.]
attack on sensor 1
[ 2.79871335  1.55524055  0.41914599  0.58120117 -1.4138695  -3.38928284
 -1.58763513  0.          0.          0.          0.          0.        ]
