sat
x1_0=2.4338806904
x2_0=-0.2533047808
z1_0=0.0
z2_0=0.0
xabs1_0=2.4338806904
xabs2_0=0.2533047808
attackOnU1_0=0.0
u1_0=0.0
uattacked1_0=0.0
attackOnY1_0=2.5692234703
y1_0=0.0
r1_0=0.0
r_0=0.0
x1_1=2.4085502123
x2_1=-0.2533047808
z1_1=0.0
z2_1=0.0
xabs1_1=2.4085502123
xabs2_1=0.2533047808
attackOnU1_1=0.0
u1_1=0.0
uattacked1_1=0.0
attackOnY1_1=7.4159377257
y1_1=4.9777736826
r1_1=4.9777736826
r_1=4.9777736826
x1_2=2.3832197342
x2_2=-0.2533047808
z1_2=4.9289915005
z2_2=4.9240137268
xabs1_2=2.3832197342
xabs2_2=0.2533047808
attackOnU1_2=0.0
u1_2=-106.893470076
uattacked1_2=-106.893470076
attackOnY1_2=7.8970551088
y1_2=9.79915746
r1_2=4.8701659594
r_2=4.8701659594
x1_3=1.8234219057
x2_3=-10.9426517884
z1_3=9.7093638559
z2_3=-0.9477651137
xabs1_3=1.8234219057
xabs2_3=10.9426517884
attackOnU1_3=0.0
u1_3=-150.276608856
uattacked1_3=-150.276608856
attackOnY1_3=3.9284999392
y1_3=9.7204770145
r1_3=0.0111131586
r_3=0.0111131586
x1_4=-0.0222263173
x2_4=-25.970312674
z1_4=8.8742085499
z2_4=-15.9644328627
xabs1_4=0.0222263173
xabs2_4=25.970312674
attackOnU1_4=0.0
u1_4=-51.8615261423
uattacked1_4=-51.8615261423
attackOnY1_4=0.0
y1_4=3.9062736218
r1_4=-4.9679349281
r_4=4.9679349281
x1_5=-2.8785652154
x2_5=-31.1564652883
z1_5=2.0992084671
z2_5=-26.0648667078
xabs1_5=2.8785652154
xabs2_5=31.1564652883
attackOnU1_5=0.0
u1_5=113.933756703
uattacked1_5=113.933756703
attackOnY1_5=0.0
y1_5=-2.8785652154
r1_5=-4.9777736826
r_5=4.9777736826
x1_6=-5.4245429607
x2_6=-19.763089618
z1_6=-4.8666009206
z2_6=-19.5955047644
xabs1_6=5.4245429607
xabs2_6=19.763089618
attackOnU1_6=0.0
u1_6=188.966253156
uattacked1_6=188.966253156
attackOnY1_6=0.0
y1_6=-5.4245429607
r1_6=-0.5579420401
r_6=0.5579420401
x1_7=-6.4560206568
x2_7=-0.8664643024
z1_7=-6.4337943394
z2_7=-1.250795715
xabs1_7=6.4560206568
xabs2_7=0.8664643024
attackOnU1_7=0.0
u1_7=110.217265518
uattacked1_7=110.217265518
attackOnY1_7=0.0
y1_7=-6.4560206568
r1_7=-0.0222263173
r_7=0.0222263173
attack on control signal component 1
[0. 0. 0. 0. 0. 0. 0. 0. 0.]
attack on sensor 1
[2.56922347 7.41593773 7.89705511 3.92849994 0.         0.
 0.         0.         0.        ]
