sat
x1_0=2.5
x2_0=1.7674021886
z1_0=0.0
z2_0=0.0
xabs1_0=2.5
xabs2_0=1.7674021886
attackOnU1_0=0.0
u1_0=0.0
uattacked1_0=0.0
attackOnY1_0=0.2829571479
y1_0=0.0
r1_0=0.0
r_0=0.0
x1_1=2.6767402188
x2_1=1.7674021886
z1_1=0.0
z2_1=0.0
xabs1_1=2.6767402188
xabs2_1=1.7674021886
attackOnU1_1=0.0
u1_1=0.0
uattacked1_1=0.0
attackOnY1_1=3.0369092617
y1_1=2.9596973668
r1_1=2.9596973668
r_1=2.9596973668
x1_2=2.8534804377
x2_2=1.7674021886
z1_2=2.9306923326
z2_2=2.9277326352
xabs1_2=2.8534804377
xabs2_2=1.7674021886
attackOnU1_2=0.0
u1_2=-63.5569919577
uattacked1_2=-63.5569919577
attackOnY1_2=6.0836346389
y1_2=5.8903896994
r1_2=2.9596973668
r_2=2.9596973668
x1_3=2.7124356968
x2_3=-4.5882970071
z1_3=5.8363729689
z2_3=-0.5002339252
xabs1_3=2.7124356968
xabs2_3=4.5882970071
attackOnU1_3=0.0
u1_3=-90.7258014357
uattacked1_3=-90.7258014357
attackOnY1_3=9.0745038214
y1_3=8.7960703358
r1_3=2.9596973668
r_3=2.9596973668
x1_4=1.7999769889
x2_4=-13.6608771506
z1_4=8.2634129019
z2_4=-6.6450814335
xabs1_4=1.7999769889
xabs2_4=13.6608771506
attackOnU1_4=0.0
u1_4=-94.8383814068
uattacked1_4=-94.8383814068
attackOnY1_4=6.7907975608
y1_4=10.8744808103
r1_4=2.6110679084
r_4=2.6110679084
x1_5=-0.0403026331
x2_5=-23.1447152913
z1_5=9.7101922944
z2_5=-13.5460511992
xabs1_5=0.0403026331
xabs2_5=23.1447152913
attackOnU1_5=0.0
u1_5=-78.955873418
uattacked1_5=-78.955873418
attackOnY1_5=4.8199716373
y1_5=6.7504949276
r1_5=-2.9596973668
r_5=2.9596973668
x1_6=-2.7495535294
x2_6=-31.0403026331
z1_6=5.0301154748
z2_6=-24.3693711763
xabs1_6=2.7495535294
xabs2_6=31.0403026331
attackOnU1_6=0.0
u1_6=57.3504963902
uattacked1_6=57.3504963902
attackOnY1_6=2.5563724504
y1_6=2.0704181079
r1_6=-2.9596973668
r_6=2.9596973668
x1_7=-5.5668313107
x2_7=-25.3052529941
z1_7=-0.0507614934
z2_7=-21.5620541725
xabs1_7=5.5668313107
xabs2_7=25.3052529941
attackOnU1_7=0.0
u1_7=122.902380029
uattacked1_7=122.902380029
attackOnY1_7=0.0
y1_7=-3.0104588603
r1_7=-2.9596973668
r_7=2.9596973668
x1_8=-7.48284471
x2_8=-13.0150149912
z1_8=-4.5231473432
z2_8=-12.1995488049
xabs1_8=7.48284471
xabs2_8=13.0150149912
attackOnU1_8=0.0
u1_8=141.583241785
uattacked1_8=141.583241785
attackOnY1_8=0.0
y1_8=-7.48284471
r1_8=-2.9596973668
r_8=2.9596973668
x1_9=-8.0764300002
x2_9=1.1433091871
z1_9=-7.9658783474
z2_9=-0.9689572617
xabs1_9=8.0764300002
xabs2_9=1.1433091871
attackOnU1_9=0.0
u1_9=133.181052892
uattacked1_9=133.181052892
attackOnY1_9=0.0
y1_9=-8.0764300002
r1_9=-0.1105516528
r_9=0.1105516528
x1_10=-7.296193817
x2_10=14.4614144763
z1_10=-7.5063370557
z2_10=12.2397903325
xabs1_10=7.296193817
xabs2_10=14.4614144763
attackOnU1_10=0.0
u1_10=51.0239434505
uattacked1_10=51.0239434505
attackOnY1_10=0.0
y1_10=-7.296193817
r1_10=0.2101432386
r_10=0.2101432386
attack on control signal component 1
[0. 0. 0. 0. 0. 0. 0. 0. 0. 0. 0. 0.]
attack on sensor 1
[0.28295715 3.03690926 6.08363464 9.07450382 6.79079756 4.81997164
 2.55637245 0.         0.         0.         0.         0.        ]
