sat
x1_0=-0.1
x2_0=-1.0
z1_0=0.0
z2_0=0.0
xabs1_0=0.1
xabs2_0=1.0
attackOnU1_0=-160.008438985
u1_0=0.0
uattacked1_0=0.0
attackOnY1_0=0.199957805
y1_0=0.0
r1_0=0.0
r_0=0.0
x1_1=-0.2
x2_1=-1.0
z1_1=0.0
z2_1=0.0
xabs1_1=0.2
xabs2_1=1.0
attackOnU1_1=0.0
u1_1=0.0
uattacked1_1=-160.008438985
attackOnY1_1=1.1499210068
y1_1=-4.21949e-05
r1_1=-4.21949e-05
r_1=4.21949e-05
x1_2=-1.1000421949
x2_2=-17.0008438985
z1_2=-7.89931e-05
z2_2=-0.000407316
xabs1_2=1.1000421949
xabs2_2=17.0008438985
attackOnU1_2=866.254071629
u1_2=0.0
uattacked1_2=-160.008438985
attackOnY1_2=3.6935961593
y1_2=0.0498788119
r1_2=0.049957805
r_2=0.049957805
x1_3=-3.6001687797
x2_3=-33.001687797
z1_3=0.0934062821
z2_3=0.4818453678
xabs1_3=3.6001687797
xabs2_3=33.001687797
attackOnU1_3=-535.19218237
u1_3=-4.2256262261
uattacked1_3=862.028445403
attackOnY1_3=2.6719980884
y1_3=0.0934273796
r1_3=2.10974e-05
r_3=2.10974e-05
x1_4=-2.5901953323
x2_4=53.2011567432
z1_4=0.1205021843
z2_4=0.0594864032
xabs1_4=2.5901953323
xabs2_4=53.2011567432
attackOnU1_4=0.0
u1_4=-2.2684980286
uattacked1_4=-537.460680399
attackOnY1_4=0.0
y1_4=0.081802756
r1_4=-0.0386994282
r_4=0.0386994282
x1_5=0.0426169399
x2_5=-0.5449112965
z1_5=0.0426591348
z2_5=-0.5409367206
xabs1_5=0.0426169399
xabs2_5=0.5449112965
attackOnU1_5=0.0
u1_5=2.379057436
uattacked1_5=2.379057436
attackOnY1_5=0.0
y1_5=0.0426169399
r1_5=-4.21949e-05
r_5=4.21949e-05
x1_6=2.10974e-05
x2_6=-0.3070055529
z1_6=0.0003817568
z2_6=-0.3034382931
xabs1_6=2.10974e-05
xabs2_6=0.3070055529
attackOnU1_6=0.0
u1_6=2.379057436
uattacked1_6=2.379057436
attackOnY1_6=0.0
y1_6=2.10974e-05
r1_6=-0.0003606593
r_6=0.0003606593
x1_7=-0.0187841706
x2_7=-0.0690998093
z1_7=-0.0187419757
z2_7=-0.0690140668
xabs1_7=0.0187841706
xabs2_7=0.0690998093
attackOnU1_7=0.0
u1_7=0.6912090684
uattacked1_7=0.6912090684
attackOnY1_7=0.0
y1_7=-0.0187841706
r1_7=-4.21949e-05
r_7=4.21949e-05
attack on control signal component 1
[-160.00843899    0.          866.25407163 -535.19218237    0.
    0.            0.            0.            0.        ]
attack on sensor 1
[0.1999578  1.14992101 3.69359616 2.67199809 0.         0.
 0.         0.         0.        ]
