sat
x1_0=-2.5
x2_0=-3.0
z1_0=0.0
z2_0=0.0
xabs1_0=2.5
xabs2_0=3.0
attackOnU1_0=0.0
u1_0=0.0
uattacked1_0=0.0
attackOnY1_0=0.8318322854
y1_0=0.0
r1_0=0.0
r_0=0.0
x1_1=-2.8
x2_1=-3.0
z1_1=0.0
z2_1=0.0
xabs1_1=2.8
xabs2_1=3.0
attackOnU1_1=0.0
u1_1=0.0
uattacked1_1=0.0
attackOnY1_1=1.1670364717
y1_1=-1.9681677145
r1_1=-1.9681677145
r_1=1.9681677145
x1_2=-3.1
x2_2=-3.0
z1_2=-1.9488796709
z2_2=-1.9469115032
xabs1_2=3.1
xabs2_2=3.0
attackOnU1_2=0.0
u1_2=0.0
uattacked1_2=0.0
attackOnY1_2=-0.6959783713
y1_2=-1.9329635282
r1_2=0.0159161427
r_2=0.0159161427
x1_3=-3.4
x2_3=-3.0
z1_3=-2.1278106567
z2_3=-1.9311672548
xabs1_3=3.4
xabs2_3=3.0
attackOnU1_3=0.0
u1_3=0.0
uattacked1_3=0.0
attackOnY1_3=-2.5379747677
y1_3=-4.0959783713
r1_3=-1.9681677145
r_3=1.9681677145
x1_4=-3.7
x2_4=-3.0
z1_4=-4.2698070532
z2_4=-3.8780787581
xabs1_4=3.7
xabs2_4=3.0
attackOnU1_4=0.0
u1_4=0.0
uattacked1_4=0.0
attackOnY1_4=-4.5746623145
y1_4=-6.2379747677
r1_4=-1.9681677145
r_4=1.9681677145
x1_5=-4.0
x2_5=-3.0
z1_5=-6.6064946
z2_5=-5.8249902613
xabs1_5=4.0
xabs2_5=3.0
attackOnU1_5=0.0
u1_5=138.885689595
uattacked1_5=138.885689595
attackOnY1_5=-2.8697055825
y1_5=-8.5746623145
r1_5=-1.9681677145
r_5=1.9681677145
x1_6=-3.605571552
x2_6=10.8885689594
z1_6=-8.4434448491
z2_6=6.1166671948
xabs1_6=3.605571552
xabs2_6=10.8885689594
attackOnU1_6=0.0
u1_6=100.71631663
uattacked1_6=100.71631663
attackOnY1_6=-1.398016088
y1_6=-6.4752771345
r1_6=1.9681677145
r_6=1.9681677145
x1_7=-2.0131330729
x2_7=20.9602006224
z1_7=-5.3793168755
z2_7=18.135210361
xabs1_7=2.0131330729
xabs2_7=20.9602006224
attackOnU1_7=0.0
u1_7=100.71631663
uattacked1_7=100.71631663
attackOnY1_7=0.0
y1_7=-3.4111491609
r1_7=1.9681677145
r_7=1.9681677145
x1_8=0.5864685724
x2_8=31.0318322854
z1_8=-1.1133345853
z2_8=30.1537535273
xabs1_8=0.5864685724
xabs2_8=31.0318322854
attackOnU1_8=0.0
u1_8=-152.889607153
uattacked1_8=-152.889607153
attackOnY1_8=0.0
y1_8=0.5864685724
r1_8=1.6998031577
r_8=1.6998031577
x1_9=2.9252037652
x2_9=15.7428715701
z1_9=2.8207378184
z2_9=16.5462380956
xabs1_9=2.9252037652
xabs2_9=15.7428715701
attackOnU1_9=0.0
u1_9=-138.905100723
uattacked1_9=-138.905100723
attackOnY1_9=0.0
y1_9=2.9252037652
r1_9=0.1044659467
r_9=0.1044659467
x1_10=3.8049654186
x2_10=1.8523614978
z1_10=3.8842783049
z2_10=2.7590657378
xabs1_10=3.8049654186
xabs2_10=1.8523614978
attackOnU1_10=0.0
u1_10=-77.8881401045
uattacked1_10=-77.8881401045
attackOnY1_10=0.0
y1_10=3.8049654186
r1_10=-0.0793128862
r_10=0.0793128862
attack on control signal component 1
[0. 0. 0. 0. 0. 0. 0. 0. 0. 0. 0. 0.]
attack on sensor 1
[ 0.83183229  1.16703647 -0.69597837 -2.53797477 -4.57466231 -2.86970558
 -1.39801609  0.          0.          0.          0.          0.        ]
