sat
x1_0=1.6975552906
x2_0=3.0
z1_0=0.0
z2_0=0.0
xabs1_0=1.6975552906
xabs2_0=3.0
attackOnU1_0=0.0
u1_0=0.0
uattacked1_0=0.0
attackOnY1_0=0.0
y1_0=0.0
r1_0=0.0
r_0=0.0
x1_1=1.9975552906
x2_1=3.0
z1_1=0.0
z2_1=0.0
xabs1_1=1.9975552906
xabs2_1=3.0
attackOnU1_1=0.0
u1_1=0.0
uattacked1_1=0.0
attackOnY1_1=0.0
y1_1=1.9975552906
r1_1=1.9975552906
r_1=1.9975552906
x1_2=2.2975552906
x2_2=3.0
z1_2=1.9779792488
z2_2=1.9759816935
xabs1_2=2.2975552906
xabs2_2=3.0
attackOnU1_2=0.0
u1_2=0.0
uattacked1_2=0.0
attackOnY1_2=0.3714649481
y1_2=2.2975552906
r1_2=0.3195760418
r_2=0.3195760418
x1_3=2.5975552906
x2_3=3.0
z1_3=2.4920216148
z2_3=2.2921063141
xabs1_3=2.5975552906
xabs2_3=3.0
attackOnU1_3=0.0
u1_3=0.0
uattacked1_3=0.0
attackOnY1_3=2.2935562836
y1_3=2.9690202387
r1_3=0.4769986239
r_3=0.4769986239
x1_4=2.8975552906
x2_4=3.0
z1_4=3.1935562836
z2_4=2.7639533529
xabs1_4=2.8975552906
xabs2_4=3.0
attackOnU1_4=0.0
u1_4=0.0
uattacked1_4=0.0
attackOnY1_4=4.2479308678
y1_4=5.1911115743
r1_4=1.9975552906
r_4=1.9975552906
x1_5=3.1975552906
x2_5=3.0
z1_5=5.4479308678
z2_5=4.7399350465
xabs1_5=3.1975552906
xabs2_5=3.0
attackOnU1_5=0.0
u1_5=-114.169881618
uattacked1_5=-114.169881618
attackOnY1_5=6.3999036213
y1_5=7.4454861585
r1_5=1.9975552906
r_5=1.9975552906
x1_6=2.9267058826
x2_6=-8.4169881617
z1_6=7.3290542132
z2_6=-4.7010714217
xabs1_6=2.9267058826
xabs2_6=8.4169881617
attackOnU1_6=0.0
u1_6=-90.8677982449
uattacked1_6=-90.8677982449
attackOnY1_6=4.7543639627
y1_6=9.3266095039
r1_6=1.9975552906
r_6=1.9975552906
x1_7=1.6306680751
x2_7=-17.5037679862
z1_7=8.3825873286
z2_7=-11.8118695526
xabs1_7=1.6306680751
xabs2_7=17.5037679862
attackOnU1_7=0.0
u1_7=-67.4933836151
uattacked1_7=-67.4933836151
attackOnY1_7=3.3455745573
y1_7=6.3850320379
r1_7=-1.9975552906
r_7=1.9975552906
x1_8=-0.4571756415
x2_8=-24.2531063477
z1_8=4.8859542064
z2_8=-20.5371896077
xabs1_8=0.4571756415
xabs2_8=24.2531063477
attackOnU1_8=0.0
u1_8=-67.4933836151
uattacked1_8=-67.4933836151
attackOnY1_8=1.8046270569
y1_8=2.8883989158
r1_8=-1.9975552906
r_8=1.9975552906
x1_9=-3.2199531943
x2_9=-31.0024447093
z1_9=0.5167890788
z2_9=-29.2625096627
xabs1_9=3.2199531943
xabs2_9=31.0024447093
attackOnU1_9=0.0
u1_9=157.405949921
uattacked1_9=157.405949921
attackOnY1_9=0.0
y1_9=-1.4153261374
r1_9=-1.9321152162
r_9=1.9321152162
x1_10=-5.5331679156
x2_10=-15.2618497171
z1_10=-3.5356126249
z2_10=-15.4331630425
xabs1_10=5.5331679156
xabs2_10=15.2618497171
attackOnU1_10=0.0
u1_10=144.062233281
uattacked1_10=144.062233281
attackOnY1_10=0.0
y1_10=-5.5331679156
r1_10=-1.9975552906
r_10=1.9975552906
x1_11=-6.3390417209
x2_11=-0.855626389
z1_11=-6.3365970116
z2_11=-3.002921408
xabs1_11=6.3390417209
xabs2_11=0.855626389
attackOnU1_11=0.0
u1_11=144.062233281
uattacked1_11=144.062233281
attackOnY1_11=0.0
y1_11=-6.3390417209
r1_11=-0.0024447093
r_11=0.0024447093
x1_12=-5.7042931935
x2_12=13.5505969389
z1_12=-5.9189987372
z2_12=11.4008836135
xabs1_12=5.7042931935
xabs2_12=13.5505969389
attackOnU1_12=0.0
u1_12=144.062233281
uattacked1_12=144.062233281
attackOnY1_12=0.0
y1_12=-5.7042931935
r1_12=0.2147055437
r_12=0.2147055437
attack on control signal component 1
[0. 0. 0. 0. 0. 0. 0. 0. 0. 0. 0. 0. 0. 0.]
attack on sensor 1
[0.         0.         0.37146495 2.29355628 4.24793087 6.39990362
 4.75436396 3.34557456 1.80462706 0.         0.         0.
 0.         0.        ]
