sat
x1_0=2.1841893772
x2_0=-2.8810406374
z1_0=0.0
z2_0=0.0
xabs1_0=2.1841893772
xabs2_0=2.8810406374
attackOnU1_0=0.0
u1_0=0.0
uattacked1_0=0.0
attackOnY1_0=-1.8412943535
y1_0=0.0
r1_0=0.0
r_0=0.0
x1_1=1.8960853134
x2_1=-2.8810406374
z1_1=0.0
z2_1=0.0
xabs1_1=1.8960853134
xabs2_1=2.8810406374
attackOnU1_1=0.0
u1_1=0.0
uattacked1_1=0.0
attackOnY1_1=0.3366908389
y1_1=0.0547909599
r1_1=0.0547909599
r_1=0.0547909599
x1_2=1.6079812497
x2_2=-2.8810406374
z1_2=0.0542540085
z2_2=0.0541992175
xabs1_2=1.6079812497
xabs2_2=2.8810406374
attackOnU1_2=0.0
u1_2=0.0
uattacked1_2=0.0
attackOnY1_2=2.5021068074
y1_2=1.9446720886
r1_2=1.8904180801
r_2=1.8904180801
x1_3=1.3198771859
x2_3=-2.8810406374
z1_3=1.9315659132
z2_3=1.9242007824
xabs1_3=1.3198771859
xabs2_3=2.8810406374
attackOnU1_3=0.0
u1_3=-41.858597573
uattacked1_3=-41.858597573
attackOnY1_3=4.8545229324
y1_3=3.8219839934
r1_3=1.8904180801
r_3=1.8904180801
x1_4=0.8224801343
x2_4=-7.0669003947
z1_4=3.7865849866
z2_4=-0.3916574099
xabs1_4=0.8224801343
xabs2_4=7.0669003947
attackOnU1_4=0.0
u1_4=-58.4820720662
uattacked1_4=-58.4820720662
attackOnY1_4=3.6131030535
y1_4=5.6770030668
r1_4=1.8904180801
r_4=1.8904180801
x1_5=-0.1766202654
x2_5=-12.9151076013
z1_5=5.3269008683
z2_5=-4.3698630516
xabs1_5=0.1766202654
xabs2_5=12.9151076013
attackOnU1_5=0.0
u1_5=-60.6482477281
uattacked1_5=-60.6482477281
attackOnY1_5=2.5957355255
y1_5=3.4364827881
r1_5=-1.8904180801
r_5=1.8904180801
x1_6=-1.7713722642
x2_6=-18.9799323741
z1_6=2.7147813415
z2_6=-12.3046893893
xabs1_6=1.7713722642
xabs2_6=18.9799323741
attackOnU1_6=0.0
u1_6=-60.6482477281
uattacked1_6=-60.6482477281
attackOnY1_6=1.391367841
y1_6=0.8243632613
r1_6=-1.8904180801
r_6=1.8904180801
x1_7=-3.9726067402
x2_7=-25.0447571469
z1_7=-0.690820819
z2_7=-20.2395157271
xabs1_7=3.9726067402
xabs2_7=25.0447571469
attackOnU1_7=0.0
u1_7=-60.6482477281
uattacked1_7=-60.6482477281
attackOnY1_7=0.0
y1_7=-2.5812388992
r1_7=-1.8904180801
r_7=1.8904180801
x1_8=-6.7803236936
x2_8=-31.1095819198
z1_8=-4.8899056134
z2_8=-28.1743420648
xabs1_8=6.7803236936
xabs2_8=31.1095819198
attackOnU1_8=0.0
u1_8=237.914924604
uattacked1_8=237.914924604
attackOnY1_8=0.0
y1_8=-6.7803236936
r1_8=-1.8904180801
r_8=1.8904180801
x1_9=-8.7017072625
x2_9=-7.3180894594
z1_9=-8.3896571798
z2_9=-6.2528511693
xabs1_9=8.7017072625
xabs2_9=7.3180894594
attackOnU1_9=0.0
u1_9=237.914924604
uattacked1_9=237.914924604
attackOnY1_9=0.0
y1_9=-8.7017072625
r1_9=-0.3120500826
r_9=0.3120500826
x1_10=-8.2439415854
x2_10=16.4734030009
z1_10=-8.1343596656
z2_10=17.2299613492
xabs1_10=8.2439415854
xabs2_10=16.4734030009
attackOnU1_10=0.0
u1_10=32.8359251612
uattacked1_10=32.8359251612
attackOnY1_10=0.0
y1_10=-8.2439415854
r1_10=-0.1095819198
r_10=0.1095819198
attack on control signal component 1
[0. 0. 0. 0. 0. 0. 0. 0. 0. 0. 0. 0.]
attack on sensor 1
[-1.84129435  0.33669084  2.50210681  4.85452293  3.61310305  2.59573553
  1.39136784  0.          0.          0.          0.          0.        ]
