sat
x1_0=0.1
x2_0=-0.998420629
z1_0=0.0
z2_0=0.0
xabs1_0=0.1
xabs2_0=0.998420629
attackOnU1_0=240.0
u1_0=0.0
uattacked1_0=0.0
attackOnY1_0=-0.0004738112
y1_0=0.0
r1_0=0.0
r_0=0.0
x1_1=0.000157937
x2_1=-0.998420629
z1_1=0.0
z2_1=0.0
xabs1_1=0.000157937
xabs2_1=0.998420629
attackOnU1_1=-454.025041868
u1_1=0.0
uattacked1_1=240.0
attackOnY1_1=-1.072945486
y1_1=-0.0003158741
r1_1=-0.0003158741
r_1=0.0003158741
x1_2=1.1003158741
x2_2=23.0015793709
z1_2=-0.000591348
z2_2=-0.0030491966
xabs1_2=1.1003158741
xabs2_2=23.0015793709
attackOnU1_2=224.158499623
u1_2=0.0267445891
uattacked1_2=-453.998297279
attackOnY1_2=-1.1285818291
y1_2=0.0273703881
r1_2=0.0279617361
r_2=0.0279617361
x1_3=1.1304823248
x2_3=-22.3982503569
z1_3=0.0515846215
z2_3=0.2695454941
xabs1_3=1.1304823248
xabs2_3=22.3982503569
attackOnU1_3=0.0
u1_3=-2.3531322971
uattacked1_3=221.805367326
attackOnY1_3=0.0
y1_3=0.0019004957
r1_3=-0.0496841258
r_3=0.0496841258
x1_4=-0.0003158741
x2_4=-0.2177136243
z1_4=-0.0262401424
z2_4=-0.4453785389
xabs1_4=0.0003158741
xabs2_4=0.2177136243
attackOnU1_4=0.0
u1_4=2.9424570948
uattacked1_4=2.9424570948
attackOnY1_4=0.0
y1_4=-0.0003158741
r1_4=0.0259242682
r_4=0.0259242682
x1_5=-0.0073749511
x2_5=0.076532085
z1_5=-0.0075328882
z2_5=0.099119317
xabs1_5=0.0073749511
xabs2_5=0.076532085
attackOnU1_5=0.0
u1_5=-0.4404796919
uattacked1_5=-0.4404796919
attackOnY1_5=0.0
y1_5=-0.0073749511
r1_5=0.000157937
r_5=0.000157937
x1_6=-0.001924141
x2_6=0.0324841159
z1_6=0.000472319
z2_6=0.0565959462
xabs1_6=0.001924141
xabs2_6=0.0324841159
attackOnU1_6=0.0
u1_6=-0.3280289351
uattacked1_6=-0.3280289351
attackOnY1_6=0.0
y1_6=-0.001924141
r1_6=-0.0023964601
r_6=0.0023964601
attack on control signal component 1
[ 240.         -454.02504187  224.15849962    0.            0.
    0.            0.            0.        ]
attack on sensor 1
[-4.73811200e-04 -1.07294549e+00 -1.12858183e+00  0.00000000e+00
  0.00000000e+00  0.00000000e+00  0.00000000e+00  0.00000000e+00]
