sat
x1_0=-2.4544810652
x2_0=-3.0
z1_0=0.0
z2_0=0.0
xabs1_0=2.4544810652
xabs2_0=3.0
attackOnU1_0=0.0
u1_0=0.0
uattacked1_0=0.0
attackOnY1_0=4.7491561147
y1_0=0.0
r1_0=0.0
r_0=0.0
x1_1=-2.7544810652
x2_1=-3.0
z1_1=0.0
z2_1=0.0
xabs1_1=2.7544810652
xabs2_1=3.0
attackOnU1_1=0.0
u1_1=0.0
uattacked1_1=0.0
attackOnY1_1=3.5258282951
y1_1=1.9946750495
r1_1=1.9946750495
r_1=1.9946750495
x1_2=-3.0544810652
x2_2=-3.0
z1_2=1.975127234
z2_2=1.9731325589
xabs1_2=3.0544810652
xabs2_2=3.0
attackOnU1_2=0.0
u1_2=-42.8339557622
uattacked1_2=-42.8339557622
attackOnY1_2=2.0432035456
y1_2=0.4713472299
r1_2=-1.5037800041
r_2=1.5037800041
x1_3=-3.568650844
x2_3=-7.2833955762
z1_3=0.469227751
z2_3=-3.7978021973
xabs1_3=3.568650844
xabs2_3=7.2833955762
attackOnU1_3=0.0
u1_3=-42.8339557622
uattacked1_3=-42.8339557622
attackOnY1_3=0.4166356494
y1_3=-1.5254472984
r1_3=-1.9946750495
r_3=1.9946750495
x1_4=-4.5111601805
x2_4=-11.5667911524
z1_4=-2.0998494815
z2_4=-10.0543303325
xabs1_4=4.5111601805
xabs2_4=11.5667911524
attackOnU1_4=0.0
u1_4=-42.8339557622
uattacked1_4=-42.8339557622
attackOnY1_4=-1.4072455025
y1_4=-4.094524531
r1_4=-1.9946750495
r_4=1.9946750495
x1_5=-5.8820090745
x2_5=-15.8501867286
z1_5=-5.2945795276
z2_5=-16.3108584677
xabs1_5=5.8820090745
xabs2_5=15.8501867286
attackOnU1_5=0.0
u1_5=177.228511559
uattacked1_5=177.228511559
attackOnY1_5=-3.3153541835
y1_5=-7.2892545771
r1_5=-1.9946750495
r_5=1.9946750495
x1_6=-6.5808851896
x2_6=1.8726644272
z1_6=-8.0146500506
z2_6=-0.5611398707
xabs1_6=6.5808851896
xabs2_6=1.8726644272
attackOnU1_6=0.0
u1_6=131.653729417
uattacked1_6=131.653729417
attackOnY1_6=-1.5456199884
y1_6=-9.8962393731
r1_6=-1.8815893225
r_6=1.8815893225
x1_7=-5.7353500998
x2_7=15.0380373689
z1_7=-9.2756451377
z2_7=10.7429649131
xabs1_7=5.7353500998
xabs2_7=15.0380373689
attackOnU1_7=0.0
u1_7=87.8616307562
uattacked1_7=87.8616307562
attackOnY1_7=0.0
y1_7=-7.2809700882
r1_7=1.9946750495
r_7=1.9946750495
x1_8=-3.7922382091
x2_8=23.8242004446
z1_8=-5.7869132586
z2_8=21.5022605477
xabs1_8=3.7922382091
xabs2_8=23.8242004446
attackOnU1_8=0.0
u1_8=87.8616307562
uattacked1_8=87.8616307562
attackOnY1_8=0.0
y1_8=-3.7922382091
r1_8=1.9946750495
r_8=1.9946750495
x1_9=-0.9705100108
x2_9=32.6103635202
z1_9=-1.222251816
z2_9=32.2615561823
xabs1_9=0.9705100108
xabs2_9=32.6103635202
attackOnU1_9=0.0
u1_9=-163.078442354
uattacked1_9=-163.078442354
attackOnY1_9=0.0
y1_9=-0.9705100108
r1_9=0.2517418051
r_9=0.2517418051
x1_10=1.4751341293
x2_10=16.3025192848
z1_10=1.4377863258
z2_10=16.2027349406
xabs1_10=1.4751341293
xabs2_10=16.3025192848
attackOnU1_10=0.0
u1_10=-163.078442354
uattacked1_10=-163.078442354
attackOnY1_10=0.0
y1_10=1.4751341293
r1_10=0.0373478034
r_10=0.0373478034
attack on control signal component 1
[0. 0. 0. 0. 0. 0. 0. 0. 0. 0. 0. 0.]
attack on sensor 1
[ 4.74915611  3.5258283   2.04320355  0.41663565 -1.4072455  -3.31535418
 -1.54561999  0.          0.          0.          0.          0.        ]
