sat
x1_0=0.0001648837
x2_0=0.0001648837
z1_0=0.0
z2_0=0.0
xabs1_0=0.0001648837
xabs2_0=0.0001648837
attackOnU1_0=-547.175310546
u1_0=0.0
uattacked1_0=0.0
attackOnY1_0=-0.0498516045
y1_0=0.0
r1_0=0.0
r_0=0.0
x1_1=0.0001813721
x2_1=0.0001648837
z1_1=0.0
z2_1=0.0
xabs1_1=0.0001813721
xabs2_1=0.0001648837
attackOnU1_1=323.972214087
u1_1=0.0
uattacked1_1=-547.175310546
attackOnY1_1=2.5930208176
y1_1=-0.0496702324
r1_1=-0.0496702324
r_1=0.0496702324
x1_2=-2.7356786921
x2_2=-54.7173661707
z1_2=-0.0929876421
z2_2=-0.4794766876
xabs1_2=2.7356786921
xabs2_2=54.7173661707
attackOnU1_2=0.0
u1_2=4.205503402
uattacked1_2=328.177717489
attackOnY1_2=6.3688652487
y1_2=-0.1426578745
r1_2=-0.0496702324
r_2=0.0496702324
x1_3=-6.5665267218
x2_3=-21.8995944218
z1_3=-0.212895436
z2_3=-0.5384030351
xabs1_3=6.5665267218
xabs2_3=21.8995944218
attackOnU1_3=0.0
u1_3=4.205503402
uattacked1_3=328.177717489
attackOnY1_3=6.9480790885
y1_3=-0.197661473
r1_3=0.015233963
r_3=0.015233963
x1_4=-7.1155975765
x2_4=10.918177327
z1_4=-0.2171887203
z2_4=0.0292037966
xabs1_4=7.1155975765
xabs2_4=10.918177327
attackOnU1_4=-214.552271526
u1_4=4.205503402
uattacked1_4=328.177717489
attackOnY1_4=4.2823083072
y1_4=-0.1675184879
r1_4=0.0496702324
r_4=0.0496702324
x1_5=-4.3828912564
x2_5=43.7359490759
z1_5=-0.1002531815
z2_5=0.9292308245
xabs1_5=4.3828912564
xabs2_5=43.7359490759
attackOnU1_5=0.0
u1_5=-3.6544122233
uattacked1_5=-218.206683749
attackOnY1_5=1.0737804818
y1_5=-0.1005829491
r1_5=-0.0003297675
r_5=0.0003297675
x1_6=-1.1003297675
x2_6=21.915280701
z1_6=-0.0262195181
z2_6=0.5606062899
xabs1_6=1.1003297675
xabs2_6=21.915280701
attackOnU1_6=0.0
u1_6=-3.6544122233
uattacked1_6=-218.206683749
attackOnY1_6=0.0
y1_6=-0.0265492856
r1_6=-0.0003297675
r_6=0.0003297675
x1_7=0.0001648837
x2_7=0.094612326
z1_7=0.0109516918
z2_7=0.1919817552
xabs1_7=0.0001648837
xabs2_7=0.094612326
attackOnU1_7=0.0
u1_7=-1.2625969062
uattacked1_7=-1.2625969062
attackOnY1_7=0.0
y1_7=0.0001648837
r1_7=-0.0107868081
r_7=0.0107868081
x1_8=0.0033131318
x2_8=-0.0316473645
z1_8=0.0036428994
z2_8=-0.0384051513
xabs1_8=0.0033131318
xabs2_8=0.0316473645
attackOnU1_8=0.0
u1_8=0.1590612416
uattacked1_8=0.1590612416
attackOnY1_8=0.0
y1_8=0.0033131318
r1_8=-0.0003297675
r_8=0.0003297675
x1_9=0.0009437016
x2_9=-0.0157412403
z1_9=-1.96673e-05
z2_9=-0.0256823395
xabs1_9=0.0009437016
xabs2_9=0.0157412403
attackOnU1_9=0.0
u1_9=0.1590612416
uattacked1_9=0.1590612416
attackOnY1_9=0.0
y1_9=0.0009437016
r1_9=0.0009633689
r_9=0.0009633689
attack on control signal component 1
[-547.17531055  323.97221409    0.            0.         -214.55227153
    0.            0.            0.            0.            0.
    0.        ]
attack on sensor 1
[-0.0498516   2.59302082  6.36886525  6.94807909  4.28230831  1.07378048
  0.          0.          0.          0.          0.        ]
