sat
x1_0=0.0082494546
x2_0=-3.0
z1_0=0.0
z2_0=0.0
xabs1_0=0.0082494546
xabs2_0=3.0
attackOnU1_0=0.0
u1_0=0.0
uattacked1_0=0.0
attackOnY1_0=0.0
y1_0=0.0
r1_0=0.0
r_0=0.0
x1_1=-0.2917505453
x2_1=-3.0
z1_1=0.0
z2_1=0.0
xabs1_1=0.2917505453
xabs2_1=3.0
attackOnU1_1=0.0
u1_1=0.0
uattacked1_1=0.0
attackOnY1_1=0.0
y1_1=-0.2917505453
r1_1=-0.2917505453
r_1=0.2917505453
x1_2=-0.5917505453
x2_2=-3.0
z1_2=-0.2888913899
z2_2=-0.2885996394
xabs1_2=0.5917505453
xabs2_2=3.0
attackOnU1_2=0.0
u1_2=0.0
uattacked1_2=0.0
attackOnY1_2=-1.1024018413
y1_2=-0.5917505453
r1_2=-0.3028591553
r_2=0.3028591553
x1_3=-0.8917505453
x2_3=-3.0
z1_3=-0.6176424895
z2_3=-0.5881879158
xabs1_3=0.8917505453
xabs2_3=3.0
attackOnU1_3=0.0
u1_3=0.0
uattacked1_3=0.0
attackOnY1_3=-2.8312319265
y1_3=-1.9941523866
r1_3=-1.3765098971
r_3=1.3765098971
x1_4=-1.1917505453
x2_4=-3.0
z1_4=-2.0394813812
z2_4=-1.9498315061
xabs1_4=1.1917505453
xabs2_4=3.0
attackOnU1_4=0.0
u1_4=0.0
uattacked1_4=0.0
attackOnY1_4=-4.6902778571
y1_4=-4.0229824718
r1_4=-1.9835010906
r_4=1.9835010906
x1_5=-1.4917505453
x2_5=-3.0
z1_5=-4.1985273118
z2_5=-3.9119107849
xabs1_5=1.4917505453
xabs2_5=3.0
attackOnU1_5=0.0
u1_5=0.0
uattacked1_5=0.0
attackOnY1_5=-6.7455317155
y1_5=-6.1820284024
r1_5=-1.9835010906
r_5=1.9835010906
x1_6=-1.7917505453
x2_6=-3.0
z1_6=-6.5537811702
z2_6=-5.8739900637
xabs1_6=1.7917505453
xabs2_6=3.0
attackOnU1_6=0.0
u1_6=138.318129454
uattacked1_6=138.318129454
attackOnY1_6=-5.0299913206
y1_6=-8.5372822608
r1_6=-1.9835010906
r_6=1.9835010906
x1_7=-1.400159898
x2_7=10.8318129454
z1_7=-8.4136523092
z2_7=5.9957436027
xabs1_7=1.400159898
xabs2_7=10.8318129454
attackOnU1_7=0.0
u1_7=100.92342982
uattacked1_7=100.92342982
attackOnY1_7=-3.5495354749
y1_7=-6.4301512186
r1_7=1.9835010906
r_7=1.9835010906
x1_8=0.1876385456
x2_8=20.9241559274
z1_8=-5.3453980199
z2_8=18.0501658636
xabs1_8=0.1876385456
xabs2_8=20.9241559274
attackOnU1_8=0.0
u1_8=100.92342982
uattacked1_8=100.92342982
attackOnY1_8=-1.8728717014
y1_8=-3.3618969293
r1_8=1.9835010906
r_8=1.9835010906
x1_9=2.7846712874
x2_9=31.0164989093
z1_9=-1.0717015045
z2_9=30.1045881244
xabs1_9=2.7846712874
xabs2_9=31.0164989093
attackOnU1_9=0.0
u1_9=-153.278609419
uattacked1_9=-153.278609419
attackOnY1_9=0.0
y1_9=0.911799586
r1_9=1.9835010906
r_9=1.9835010906
x1_10=5.1199281312
x2_10=15.6886379674
z1_10=3.1364270406
z2_10=16.7388064612
xabs1_10=5.1199281312
xabs2_10=15.6886379674
attackOnU1_10=0.0
u1_10=-145.056022693
uattacked1_10=-145.056022693
attackOnY1_10=0.0
y1_10=5.1199281312
r1_10=1.9835010906
r_10=1.9835010906
x1_11=5.9635118145
x2_11=1.1830356981
z1_11=6.0490903532
z2_11=4.1952834708
xabs1_11=5.9635118145
xabs2_11=1.1830356981
attackOnU1_11=0.0
u1_11=-120.72266225
uattacked1_11=-120.72266225
attackOnY1_11=0.0
y1_11=5.9635118145
r1_11=-0.0855785386
r_11=0.0855785386
x1_12=5.4782020731
x2_12=-10.8892305267
z1_12=5.78026552
z2_12=-7.9616370445
xabs1_12=5.4782020731
xabs2_12=10.8892305267
attackOnU1_12=0.0
u1_12=-120.72266225
uattacked1_12=-120.72266225
attackOnY1_12=0.0
y1_12=5.4782020731
r1_12=-0.3020634469
r_12=0.3020634469
attack on control signal component 1
[0. 0. 0. 0. 0. 0. 0. 0. 0. 0. 0. 0. 0. 0.]
attack on sensor 1
[ 0.          0.         -1.10240184 -2.83123193 -4.69027786 -6.74553172
 -5.02999132 -3.54953547 -1.8728717   0.          0.          0.
  0.          0.        ]
