sat
x1_0=-2.5
x2_0=-0.8829412121
z1_0=0.0
z2_0=0.0
xabs1_0=2.5
xabs2_0=0.8829412121
attackOnU1_0=0.0
u1_0=0.0
uattacked1_0=0.0
attackOnY1_0=4.5878973631
y1_0=0.0
r1_0=0.0
r_0=0.0
x1_1=-2.5882941212
x2_1=-0.8829412121
z1_1=0.0
z2_1=0.0
xabs1_1=2.5882941212
xabs2_1=0.8829412121
attackOnU1_1=0.0
u1_1=0.0
uattacked1_1=0.0
attackOnY1_1=2.6569921306
y1_1=1.9996032419
r1_1=1.9996032419
r_1=1.9996032419
x1_2=-2.6765882424
x2_2=-0.8829412121
z1_2=1.9800071301
z2_2=1.9780075269
xabs1_2=2.6765882424
xabs2_2=0.8829412121
attackOnU1_2=0.0
u1_2=-42.9397845173
uattacked1_2=-42.9397845173
attackOnY1_2=0.9630798743
y1_2=-0.0195961117
r1_2=-1.9996032419
r_2=1.9996032419
x1_3=-2.9795812862
x2_3=-5.1769196639
z1_3=-0.0168981698
z2_3=-4.2939784517
xabs1_3=2.9795812862
xabs2_3=5.1769196639
attackOnU1_3=0.0
u1_3=-42.9397845173
uattacked1_3=-42.9397845173
attackOnY1_3=-0.9286331345
y1_3=-2.0165014118
r1_3=-1.9996032419
r_3=1.9996032419
x1_4=-3.7119721752
x2_4=-9.4708981156
z1_4=-2.6410020678
z2_4=-10.5659644304
xabs1_4=3.7119721752
xabs2_4=9.4708981156
attackOnU1_4=0.0
u1_4=102.162395146
uattacked1_4=102.162395146
attackOnY1_4=-3.0181468962
y1_4=-4.6406053097
r1_4=-1.9996032419
r_4=1.9996032419
x1_5=-4.148250011
x2_5=0.7453413989
z1_5=-5.1667936653
z2_5=-2.3277324427
xabs1_5=4.148250011
xabs2_5=0.7453413989
attackOnU1_5=0.0
u1_5=96.0048224515
uattacked1_5=96.0048224515
attackOnY1_5=-5.3054614105
y1_5=-7.1663969072
r1_5=-1.9996032419
r_5=1.9996032419
x1_6=-3.5936917589
x2_6=10.345823644
z1_6=-6.8995499275
z2_6=5.2947422754
xabs1_6=3.5936917589
xabs2_6=10.345823644
attackOnU1_6=0.0
u1_6=80.6212755364
uattacked1_6=80.6212755364
attackOnY1_6=-3.7913701937
y1_6=-8.8991531694
r1_6=-1.9996032419
r_6=1.9996032419
x1_7=-2.1560030168
x2_7=18.4079511977
z1_7=-7.9469764524
z2_7=11.3788623021
xabs1_7=2.1560030168
xabs2_7=18.4079511977
attackOnU1_7=0.0
u1_7=62.9622278016
uattacked1_7=62.9622278016
attackOnY1_7=-2.514271953
y1_7=-5.9473732105
r1_7=1.9996032419
r_7=1.9996032419
x1_8=-0.000396758
x2_8=24.7041739778
z1_8=-4.514271953
z2_8=19.6530926092
xabs1_8=0.000396758
xabs2_8=24.7041739778
attackOnU1_8=0.0
u1_8=62.9622278016
uattacked1_8=62.9622278016
attackOnY1_8=-1.0393729597
y1_8=-2.5146687111
r1_8=1.9996032419
r_8=1.9996032419
x1_9=2.7848317787
x2_9=31.000396758
z1_9=-0.2541444229
z2_9=27.9273229163
xabs1_9=2.7848317787
xabs2_9=31.000396758
attackOnU1_9=0.0
u1_9=-154.056101888
uattacked1_9=-154.056101888
attackOnY1_9=0.0
y1_9=1.7454588189
r1_9=1.9996032419
r_9=1.9996032419
x1_10=5.1145909451
x2_10=15.5947865692
z1_10=3.7483144894
z2_10=14.4997202545
xabs1_10=5.1145909451
xabs2_10=15.5947865692
attackOnU1_10=0.0
u1_10=-142.186546953
uattacked1_10=-142.186546953
attackOnY1_10=0.0
y1_10=5.1145909451
r1_10=1.3662764557
r_10=1.3662764557
x1_11=5.9631368672
x2_11=1.3761318739
z1_11=5.8402407265
z2_11=1.6325862291
xabs1_11=5.9631368672
xabs2_11=1.3761318739
attackOnU1_11=0.0
u1_11=-102.864256641
uattacked1_11=-102.864256641
attackOnY1_11=0.0
y1_11=5.9631368672
r1_11=0.1228961407
r_11=0.1228961407
x1_12=5.5864287714
x2_12=-8.9102937901
z1_12=5.6108698248
z2_12=-8.5322705725
xabs1_12=5.5864287714
xabs2_12=8.9102937901
attackOnU1_12=0.0
u1_12=-41.6319430298
uattacked1_12=-41.6319430298
attackOnY1_12=0.0
y1_12=5.5864287714
r1_12=-0.0244410533
r_12=0.0244410533
attack on control signal component 1
[0. 0. 0. 0. 0. 0. 0. 0. 0. 0. 0. 0. 0. 0.]
attack on sensor 1
[ 4.58789736  2.65699213  0.96307987 -0.92863313 -3.0181469  -5.30546141
 -3.79137019 -2.51427195 -1.03937296  0.          0.          0.
  0.          0.        ]
