sat
x1_0=1.62512e-05
x2_0=-0.075128729
z1_0=0.0
z2_0=0.0
xabs1_0=1.62512e-05
xabs2_0=0.075128729
attackOnU1_0=0.0
u1_0=0.0
uattacked1_0=0.0
attackOnY1_0=0.0
y1_0=0.0
r1_0=0.0
r_0=0.0
x1_1=-0.0074966216
x2_1=-0.075128729
z1_1=0.0
z2_1=0.0
xabs1_1=0.0074966216
xabs2_1=0.075128729
attackOnU1_1=0.0
u1_1=0.0
uattacked1_1=0.0
attackOnY1_1=0.0
y1_1=-0.0074966216
r1_1=-0.0074966216
r_1=0.0074966216
x1_2=-0.0150094945
x2_2=-0.075128729
z1_2=-0.0140344254
z2_2=-0.0723663882
xabs1_2=0.0150094945
xabs2_2=0.075128729
attackOnU1_2=0.0
u1_2=0.0
uattacked1_2=0.0
attackOnY1_2=0.0
y1_2=-0.0150094945
r1_2=-0.0009750691
r_2=0.0009750691
x1_3=-0.0225223674
x2_3=-0.075128729
z1_3=-0.0230964912
z2_3=-0.0817789257
xabs1_3=0.0225223674
xabs2_3=0.075128729
attackOnU1_3=0.0
u1_3=0.8332900066
uattacked1_3=0.8332900066
attackOnY1_3=0.0
y1_3=-0.0225223674
r1_3=0.0005741237
r_3=0.0005741237
x1_4=-0.0258687903
x2_4=0.0082002716
z1_4=-0.0260331167
z2_4=0.007092206
xabs1_4=0.0258687903
xabs2_4=0.0082002716
attackOnU1_4=0.0
u1_4=0.8332900066
uattacked1_4=0.8332900066
attackOnY1_4=0.0
y1_4=-0.0258687903
r1_4=0.0001643263
r_4=0.0001643263
x1_5=-0.0208823131
x2_5=0.0915292723
z1_5=-0.0208498106
z2_5=0.092007482
xabs1_5=0.0208823131
xabs2_5=0.0915292723
attackOnU1_5=-578.163414066
u1_5=0.8332900066
uattacked1_5=0.8332900066
attackOnY1_5=-0.0499480219
y1_5=-0.0208823131
r1_5=-3.25024e-05
r_5=3.25024e-05
x1_6=-0.0075629358
x2_6=0.1748582729
z1_6=-0.0075434603
z2_6=0.1750227298
xabs1_6=0.0075629358
xabs2_6=0.1748582729
attackOnU1_6=947.373410216
u1_6=-0.8700905237
uattacked1_6=-579.033504589
attackOnY1_6=2.7972763369
y1_6=-0.0575109578
r1_6=-0.0499674975
r_6=0.0499674975
x1_7=-2.8852446315
x2_7=-57.7284921859
z1_7=-0.087935792
z2_7=-0.3943325696
xabs1_7=2.8852446315
xabs2_7=57.7284921859
attackOnU1_7=-188.788311667
u1_7=3.6424182097
uattacked1_7=951.015828425
attackOnY1_7=3.7438294046
y1_7=-0.0879682945
r1_7=-3.25024e-05
r_7=3.25024e-05
x1_8=-3.9030147079
x2_8=37.3730906565
z1_8=-0.1092178058
z2_8=-0.0304045015
xabs1_8=3.9030147079
xabs2_8=37.3730906565
attackOnU1_8=0.0
u1_8=1.9229396398
uattacked1_8=-186.865372027
attackOnY1_8=0.95381229
y1_8=-0.1591853033
r1_8=-0.0499674975
r_8=0.0499674975
x1_9=-1.1000325024
x2_9=18.6865534539
z1_9=-0.1961877099
z2_9=-0.3204567846
xabs1_9=1.1000325024
xabs2_9=18.6865534539
attackOnU1_9=0.0
u1_9=1.9229396398
uattacked1_9=-186.865372027
attackOnY1_9=0.0
y1_9=-0.1462202124
r1_9=0.0499674975
r_9=0.0499674975
x1_10=-0.1657040172
x2_10=1.62512e-05
z1_10=-0.125074538
z2_10=0.3541834264
xabs1_10=0.1657040172
xabs2_10=1.62512e-05
attackOnU1_10=0.0
u1_10=-0.000487537
uattacked1_10=-0.000487537
attackOnY1_10=0.0
y1_10=-0.1657040172
r1_10=-0.0406294791
r_10=0.0406294791
x1_11=-0.1657048297
x2_11=-3.25024e-05
z1_11=-0.165721081
z2_11=-0.0380698152
xabs1_11=0.1657048297
xabs2_11=3.25024e-05
attackOnU1_11=0.0
u1_11=-0.000487537
uattacked1_11=-0.000487537
attackOnY1_11=0.0
y1_11=-0.1657048297
r1_11=1.62512e-05
r_11=1.62512e-05
x1_12=-0.1657105177
x2_12=-8.12561e-05
z1_12=-0.1695000762
z2_12=-0.0379616925
xabs1_12=0.1657105177
xabs2_12=8.12561e-05
attackOnU1_12=0.0
u1_12=-0.000487537
uattacked1_12=-0.000487537
attackOnY1_12=0.0
y1_12=-0.1657105177
r1_12=0.0037895585
r_12=0.0037895585
attack on control signal component 1
[   0.            0.            0.            0.            0.
 -578.16341407  947.37341022 -188.78831167    0.            0.
    0.            0.            0.            0.        ]
attack on sensor 1
[ 0.          0.          0.          0.          0.         -0.04994802
  2.79727634  3.7438294   0.95381229  0.          0.          0.
  0.          0.        ]
