sat
x1_0=2.107794746
x2_0=-3.0
z1_0=0.0
z2_0=0.0
xabs1_0=2.107794746
xabs2_0=3.0
attackOnU1_0=0.0
u1_0=0.0
uattacked1_0=0.0
attackOnY1_0=0.1861915966
y1_0=0.0
r1_0=0.0
r_0=0.0
x1_1=1.807794746
x2_1=-3.0
z1_1=0.0
z2_1=0.0
xabs1_1=1.807794746
xabs2_1=3.0
attackOnU1_1=0.0
u1_1=0.0
uattacked1_1=0.0
attackOnY1_1=2.1430940638
y1_1=1.9939863426
r1_1=1.9939863426
r_1=1.9939863426
x1_2=1.507794746
x2_2=-3.0
z1_2=1.9744452765
z2_2=1.9724512901
xabs1_2=1.507794746
xabs2_2=3.0
attackOnU1_2=0.0
u1_2=-42.8191663669
uattacked1_2=-42.8191663669
attackOnY1_2=4.6178963889
y1_2=3.6508888099
r1_2=1.6764435334
r_2=1.6764435334
x1_3=0.9936989142
x2_3=-7.2819166366
z1_3=3.6176089605
z2_3=-0.6511274032
xabs1_3=0.9936989142
xabs2_3=7.2819166366
attackOnU1_3=0.0
u1_3=-54.3041815759
uattacked1_3=-54.3041815759
attackOnY1_3=3.2674479034
y1_3=5.6115953031
r1_3=1.9939863426
r_3=1.9939863426
x1_4=-0.0060136573
x2_4=-12.7123347942
z1_4=5.2554205888
z2_4=-4.1090942706
xabs1_4=0.0060136573
xabs2_4=12.7123347942
attackOnU1_4=0.0
u1_4=-60.9789295434
uattacked1_4=-60.9789295434
attackOnY1_4=4.1503198506
y1_4=3.2614342461
r1_4=-1.9939863426
r_4=1.9939863426
x1_5=-1.5821417844
x2_5=-18.8102277486
z1_5=2.5651712375
z2_5=-12.1794385151
xabs1_5=1.5821417844
xabs2_5=18.8102277486
attackOnU1_5=0.0
u1_5=-60.9789295434
uattacked1_5=-60.9789295434
attackOnY1_5=2.8193829643
y1_5=2.5681780661
r1_5=0.0030068286
r_5=0.0030068286
x1_6=-3.768059207
x2_6=-24.9081207029
z1_6=1.0453101
z2_6=-18.2743571146
xabs1_6=3.768059207
xabs2_6=24.9081207029
attackOnU1_6=0.0
u1_6=-60.9789295434
uattacked1_6=-60.9789295434
attackOnY1_6=1.5083140467
y1_6=-0.9486762426
r1_6=-1.9939863426
r_6=1.9939863426
x1_7=-6.563765925
x2_7=-31.0060136573
z1_7=-3.0614655356
z2_7=-26.3447013591
xabs1_7=6.563765925
xabs2_7=31.0060136573
attackOnU1_7=0.0
u1_7=198.244872866
uattacked1_7=198.244872866
attackOnY1_7=0.0
y1_7=-5.0554518783
r1_7=-1.9939863426
r_7=1.9939863426
x1_8=-8.6731429264
x2_8=-11.1815263707
z1_8=-6.6791565837
z2_8=-8.4926653627
xabs1_8=8.6731429264
xabs2_8=11.1815263707
attackOnU1_8=0.0
u1_8=198.244872866
uattacked1_8=198.244872866
attackOnY1_8=0.0
y1_8=-8.6731429264
r1_8=-1.9939863426
r_8=1.9939863426
x1_9=-8.8000711992
x2_9=8.6429609158
z1_9=-8.5116440322
z2_9=9.3593706336
xabs1_9=8.8000711992
xabs2_9=8.6429609158
attackOnU1_9=0.0
u1_9=198.244872866
uattacked1_9=198.244872866
attackOnY1_9=0.0
y1_9=-8.8000711992
r1_9=-0.2884271669
r_9=0.2884271669
x1_10=-6.9445507432
x2_10=28.4674482024
z1_10=-6.8700831852
z2_10=28.8985457667
xabs1_10=6.9445507432
xabs2_10=28.4674482024
attackOnU1_10=0.0
u1_10=198.244872866
uattacked1_10=198.244872866
attackOnY1_10=0.0
y1_10=-6.9445507432
r1_10=-0.074467558
r_10=0.074467558
attack on control signal component 1
[0. 0. 0. 0. 0. 0. 0. 0. 0. 0. 0. 0.]
attack on sensor 1
[0.1861916  2.14309406 4.61789639 3.2674479  4.15031985 2.81938296
 1.50831405 0.         0.         0.         0.         0.        ]
