sat
x1_0=-2.0803904228
x2_0=1.0313371013
z1_0=0.0
z2_0=0.0
xabs1_0=2.0803904228
xabs2_0=1.0313371013
attackOnU1_0=0.0
u1_0=0.0
uattacked1_0=0.0
attackOnY1_0=0.0
y1_0=0.0
r1_0=0.0
r_0=0.0
x1_1=-1.9772567127
x2_1=1.0313371013
z1_1=0.0
z2_1=0.0
xabs1_1=1.9772567127
xabs2_1=1.0313371013
attackOnU1_1=0.0
u1_1=0.0
uattacked1_1=0.0
attackOnY1_1=-2.061013307
y1_1=-1.9772567127
r1_1=-1.9772567127
r_1=1.9772567127
x1_2=-1.8741230026
x2_2=1.0313371013
z1_2=-1.9578795969
z2_2=-1.9559023402
xabs1_2=1.8741230026
xabs2_2=1.0313371013
attackOnU1_2=0.0
u1_2=0.0
uattacked1_2=0.0
attackOnY1_2=-4.3176168482
y1_2=-3.9351363096
r1_2=-1.9772567127
r_2=1.9772567127
x1_3=-1.7709892924
x2_3=1.0313371013
z1_3=-4.1113494279
z2_3=-3.9118046804
xabs1_3=1.7709892924
xabs2_3=1.0313371013
attackOnU1_3=0.0
u1_3=88.0551740615
uattacked1_3=88.0551740615
attackOnY1_3=-6.7698106233
y1_3=-6.0886061406
r1_3=-1.9772567127
r_3=1.9772567127
x1_4=-1.227579712
x2_4=9.8368545075
z1_4=-6.0201336226
z2_4=2.9378103854
xabs1_4=1.227579712
xabs2_4=9.8368545075
attackOnU1_4=0.0
u1_4=79.8694760331
uattacked1_4=79.8694760331
attackOnY1_4=-5.463081207
y1_4=-7.9973903353
r1_4=-1.9772567127
r_4=1.9772567127
x1_5=0.1554531188
x2_5=17.8238021108
z1_5=-7.2848848008
z2_5=8.9688556484
xabs1_5=0.1554531188
xabs2_5=17.8238021108
attackOnU1_5=0.0
u1_5=65.9947058821
uattacked1_5=65.9947058821
attackOnY1_5=-4.3906962563
y1_5=-5.3076280881
r1_5=1.9772567127
r_5=1.9772567127
x1_6=2.2678068593
x2_6=24.423272699
z1_6=-4.1001461096
z2_6=17.5242285769
xabs1_6=2.2678068593
xabs2_6=24.423272699
attackOnU1_6=0.0
u1_6=65.9947058821
uattacked1_6=65.9947058821
attackOnY1_6=-3.1227210715
y1_6=-2.1228893969
r1_6=1.9772567127
r_6=1.9772567127
x1_7=5.0401076587
x2_7=31.0227432872
z1_7=-0.0598701256
z2_7=26.0796015054
xabs1_7=5.0401076587
xabs2_7=31.0227432872
attackOnU1_7=0.0
u1_7=-146.708189557
uattacked1_7=-146.708189557
attackOnY1_7=-1.6591556527
y1_7=1.9173865871
r1_7=1.9772567127
r_7=1.9772567127
x1_8=7.4088410396
x2_8=16.3519243316
z1_8=3.7724286741
z2_8=13.36468489
xabs1_8=7.4088410396
xabs2_8=16.3519243316
attackOnU1_8=0.0
u1_8=-136.146304916
uattacked1_8=-136.146304916
attackOnY1_8=0.0
y1_8=5.7496853868
r1_8=1.9772567127
r_8=1.9772567127
x1_9=8.3633019482
x2_9=2.73729384
z1_9=6.3860452354
z2_9=1.7059567386
xabs1_9=8.3633019482
xabs2_9=2.73729384
attackOnU1_9=0.0
u1_9=-112.029050579
uattacked1_9=-112.029050579
attackOnY1_9=0.0
y1_9=8.3633019482
r1_9=1.9772567127
r_9=1.9772567127
x1_10=8.0768860793
x2_10=-8.4656112179
z1_10=7.9543752534
z2_10=-7.541045979
xabs1_10=8.0768860793
xabs2_10=8.4656112179
attackOnU1_10=0.0
u1_10=-112.029050579
uattacked1_10=-112.029050579
attackOnY1_10=0.0
y1_10=8.0768860793
r1_10=0.1225108259
r_10=0.1225108259
x1_11=6.6701797046
x2_11=-19.6685162758
z1_11=6.7614356224
z2_11=-18.622763328
xabs1_11=6.6701797046
xabs2_11=19.6685162758
attackOnU1_11=0.0
u1_11=-2.9413547989
uattacked1_11=-2.9413547989
attackOnY1_11=0.0
y1_11=6.6701797046
r1_11=-0.0912559177
r_11=0.0912559177
attack on control signal component 1
[0. 0. 0. 0. 0. 0. 0. 0. 0. 0. 0. 0. 0.]
attack on sensor 1
[ 0.         -2.06101331 -4.31761685 -6.76981062 -5.46308121 -4.39069626
 -3.12272107 -1.65915565  0.          0.          0.          0.
  0.        ]
