sat
x1_0=2.0850559703
x2_0=-1.0336500096
z1_0=0.0
z2_0=0.0
xabs1_0=2.0850559703
xabs2_0=1.0336500096
attackOnU1_0=0.0
u1_0=0.0
uattacked1_0=0.0
attackOnY1_0=0.0
y1_0=0.0
r1_0=0.0
r_0=0.0
x1_1=1.9816909693
x2_1=-1.0336500096
z1_1=0.0
z2_1=0.0
xabs1_1=1.9816909693
xabs2_1=1.0336500096
attackOnU1_1=0.0
u1_1=0.0
uattacked1_1=0.0
attackOnY1_1=2.0656353988
y1_1=1.9816909693
r1_1=1.9816909693
r_1=1.9816909693
x1_2=1.8783259683
x2_2=-1.0336500096
z1_2=1.9622703978
z2_2=1.9602887068
xabs1_2=1.8783259683
xabs2_2=1.0336500096
attackOnU1_2=0.0
u1_2=-42.5551336478
uattacked1_2=-42.5551336478
attackOnY1_2=4.3272996683
y1_2=3.9439613672
r1_2=1.9816909693
r_2=1.9816909693
x1_3=1.5621852991
x2_3=-5.2891633743
z1_3=3.9077939981
z2_3=-0.334935951
xabs1_3=1.5621852991
xabs2_3=5.2891633743
attackOnU1_3=0.0
u1_3=-42.5551336478
uattacked1_3=-42.5551336478
attackOnY1_3=6.7849928085
y1_3=5.8894849675
r1_3=1.9816909693
r_3=1.9816909693
x1_4=0.8204932935
x2_4=-9.5446767391
z1_4=5.6237951326
z2_4=-2.6301606089
xabs1_4=0.8204932935
xabs2_4=9.5446767391
attackOnU1_4=0.0
u1_4=-42.5551336478
uattacked1_4=-42.5551336478
attackOnY1_4=5.4753328806
y1_4=7.605486102
r1_4=1.9816909693
r_4=1.9816909693
x1_5=-0.3467500486
x2_5=-13.8001901039
z1_5=7.1102738013
z2_5=-4.9253852668
xabs1_5=0.3467500486
xabs2_5=13.8001901039
attackOnU1_5=0.0
u1_5=-86.0905946334
uattacked1_5=-86.0905946334
attackOnY1_5=4.4005429665
y1_5=5.128582832
r1_5=-1.9816909693
r_5=1.9816909693
x1_6=-2.1572220322
x2_6=-22.4092495673
z1_6=4.2250119036
z2_6=-15.494733437
xabs1_6=2.1572220322
xabs2_6=22.4092495673
attackOnU1_6=0.0
u1_6=-86.0905946334
uattacked1_6=-86.0905946334
attackOnY1_6=3.1297241817
y1_6=2.2433209343
r1_6=-1.9816909693
r_6=1.9816909693
x1_7=-4.8285999621
x2_7=-31.0183090306
z1_7=0.2828151889
z2_7=-26.0640816072
xabs1_7=4.8285999621
xabs2_7=31.0183090306
attackOnU1_7=0.0
u1_7=143.046458834
uattacked1_7=143.046458834
attackOnY1_7=1.6628765262
y1_7=-1.6988757803
r1_7=-1.9816909693
r_7=1.9816909693
x1_8=-7.2151985709
x2_8=-16.7136631472
z1_8=-3.5706310754
z2_8=-13.7197244307
xabs1_8=7.2151985709
xabs2_8=16.7136631472
attackOnU1_8=0.0
u1_8=134.921753937
uattacked1_8=134.921753937
attackOnY1_8=0.0
y1_8=-5.5523220447
r1_8=-1.9816909693
r_8=1.9816909693
x1_9=-8.211956116
x2_9=-3.2214877535
z1_9=-6.2302651466
z2_9=-2.1878377438
xabs1_9=8.211956116
xabs2_9=3.2214877535
attackOnU1_9=0.0
u1_9=112.260371228
uattacked1_9=112.260371228
attackOnY1_9=0.0
y1_9=-8.211956116
r1_9=-1.9816909693
r_9=1.9816909693
x1_10=-7.9728030352
x2_10=8.0045493692
z1_10=-7.8500174627
z2_10=7.0779106719
xabs1_10=7.9728030352
xabs2_10=8.0045493692
attackOnU1_10=0.0
u1_10=112.260371228
uattacked1_10=112.260371228
attackOnY1_10=0.0
y1_10=-7.9728030352
r1_10=-0.1227855724
r_10=0.1227855724
x1_11=-6.6110462421
x2_11=19.230586492
z1_11=-6.7025068132
z2_11=18.1824883064
xabs1_11=6.6110462421
xabs2_11=19.230586492
attackOnU1_11=0.0
u1_11=112.260371228
uattacked1_11=112.260371228
attackOnY1_11=0.0
y1_11=-6.6110462421
r1_11=0.0914605711
r_11=0.0914605711
attack on control signal component 1
[0. 0. 0. 0. 0. 0. 0. 0. 0. 0. 0. 0. 0.]
attack on sensor 1
[0.         2.0656354  4.32729967 6.78499281 5.47533288 4.40054297
 3.12972418 1.66287653 0.         0.         0.         0.
 0.        ]
