sat
x1_0=-2.5
x2_0=-1.5328257811
z1_0=0.0
z2_0=0.0
xabs1_0=2.5
xabs2_0=1.5328257811
attackOnU1_0=0.0
u1_0=0.0
uattacked1_0=0.0
attackOnY1_0=2.4742210386
y1_0=0.0
r1_0=0.0
r_0=0.0
x1_1=-2.6532825781
x2_1=-1.5328257811
z1_1=0.0
z2_1=0.0
xabs1_1=2.6532825781
xabs2_1=1.5328257811
attackOnU1_1=0.0
u1_1=0.0
uattacked1_1=0.0
attackOnY1_1=1.6360594534
y1_1=-0.1790615394
r1_1=-0.1790615394
r_1=0.1790615394
x1_2=-2.8065651562
x2_2=-1.5328257811
z1_2=-0.1773067363
z2_2=-0.1771276748
xabs1_2=2.8065651562
xabs2_2=1.5328257811
attackOnU1_2=0.0
u1_2=3.8451947652
uattacked1_2=3.8451947652
attackOnY1_2=-0.208133136
y1_2=-1.1705057027
r1_2=-0.9931989664
r_2=0.9931989664
x1_3=-2.9406217605
x2_3=-1.1483063045
z1_3=-1.1592591465
z2_3=-0.7750806158
xabs1_3=2.9406217605
xabs2_3=1.1483063045
attackOnU1_3=0.0
u1_3=3.8451947652
uattacked1_3=3.8451947652
attackOnY1_3=-2.1408092589
y1_3=-3.1487548966
r1_3=-1.98949575
r_3=1.98949575
x1_4=-3.0362264171
x2_4=-0.763786828
z1_4=-3.187539926
z2_4=-2.3585703352
xabs1_4=3.0362264171
xabs2_4=0.763786828
attackOnU1_4=0.0
u1_4=3.8451947652
uattacked1_4=3.8451947652
attackOnY1_4=-4.2702863013
y1_4=-5.177035676
r1_4=-1.98949575
r_4=1.98949575
x1_5=-3.0933791261
x2_5=-0.3792673515
z1_5=-5.3741696774
z2_5=-3.9420600547
xabs1_5=3.0933791261
xabs2_5=0.3792673515
attackOnU1_5=0.0
u1_5=3.8451947652
uattacked1_5=3.8451947652
attackOnY1_5=-2.6175727632
y1_5=-7.3636654274
r1_5=-1.98949575
r_5=1.98949575
x1_6=-3.1120798874
x2_6=0.0052521249
z1_6=-7.7191484007
z2_6=-5.5255497741
xabs1_6=3.1120798874
xabs2_6=0.0052521249
attackOnU1_6=0.0
u1_6=155.026260625
uattacked1_6=155.026260625
attackOnY1_6=-1.2006542614
y1_6=-5.7296526507
r1_6=1.98949575
r_6=1.98949575
x1_7=-2.3364233718
x2_7=15.5078781874
z1_7=-5.5265733833
z2_7=11.9450854842
xabs1_7=2.3364233718
xabs2_7=15.5078781874
attackOnU1_7=0.0
u1_7=155.026260625
uattacked1_7=155.026260625
attackOnY1_7=0.0
y1_7=-3.5370776333
r1_7=1.98949575
r_7=1.98949575
x1_8=-0.0105042499
x2_8=31.0105042499
z1_8=-1.58693484
z2_8=29.4157207427
xabs1_8=0.0105042499
xabs2_8=31.0105042499
attackOnU1_8=0.0
u1_8=-141.118811116
uattacked1_8=-141.118811116
attackOnY1_8=0.0
y1_8=-0.0105042499
r1_8=1.5764305901
r_8=1.5764305901
x1_9=2.3849521194
x2_9=16.8986231383
z1_9=2.2100247489
z2_9=16.8632447709
xabs1_9=2.3849521194
xabs2_9=16.8986231383
attackOnU1_9=0.0
u1_9=-130.910203273
uattacked1_9=-130.910203273
attackOnY1_9=0.0
y1_9=2.3849521194
r1_9=0.1749273705
r_9=0.1749273705
x1_10=3.4202634169
x2_10=3.8076028111
z1_10=3.4150112919
z2_10=3.9452625985
xabs1_10=3.4202634169
xabs2_10=3.8076028111
attackOnU1_10=0.0
u1_10=-77.0821798979
uattacked1_10=-77.0821798979
attackOnY1_10=0.0
y1_10=3.4202634169
r1_10=0.0052521249
r_10=0.0052521249
attack on control signal component 1
[0. 0. 0. 0. 0. 0. 0. 0. 0. 0. 0. 0.]
attack on sensor 1
[ 2.47422104  1.63605945 -0.20813314 -2.14080926 -4.2702863  -2.61757276
 -1.20065426  0.          0.          0.          0.          0.        ]
