sat
x1_0=2.4478495874
x2_0=3.0
z1_0=0.0
z2_0=0.0
xabs1_0=2.4478495874
xabs2_0=3.0
attackOnU1_0=0.0
u1_0=0.0
uattacked1_0=0.0
attackOnY1_0=-4.6621557634
y1_0=0.0
r1_0=0.0
r_0=0.0
x1_1=2.7478495874
x2_1=3.0
z1_1=0.0
z2_1=0.0
xabs1_1=2.7478495874
xabs2_1=3.0
attackOnU1_1=0.0
u1_1=0.0
uattacked1_1=0.0
attackOnY1_1=-3.0290893869
y1_1=-1.914306176
r1_1=-1.914306176
r_1=1.914306176
x1_2=3.0478495874
x2_2=3.0
z1_2=-1.8955459754
z2_2=-1.8936316693
xabs1_2=3.0478495874
xabs2_2=3.0
attackOnU1_2=0.0
u1_2=41.1081023342
uattacked1_2=41.1081023342
attackOnY1_2=-1.6229065783
y1_2=0.0187602005
r1_2=1.914306176
r_2=1.914306176
x1_3=3.5533900991
x2_3=7.1108102334
z1_3=0.0161773447
z2_3=4.1108102334
xabs1_3=3.5533900991
xabs2_3=7.1108102334
attackOnU1_3=0.0
u1_3=41.1081023342
uattacked1_3=41.1081023342
attackOnY1_3=-2.0273606028
y1_3=1.9304835207
r1_3=1.914306176
r_3=1.914306176
x1_4=4.4700116341
x2_4=11.2216204668
z1_4=2.5283448552
z2_4=10.1152521361
xabs1_4=4.4700116341
xabs2_4=11.2216204668
attackOnU1_4=0.0
u1_4=41.1081023342
uattacked1_4=41.1081023342
attackOnY1_4=-2.2228514604
y1_4=2.4426510312
r1_4=-0.0856938239
r_4=0.0856938239
x1_5=5.7977141924
x2_5=15.3324307002
z1_5=3.660556556
z2_5=14.1412940388
xabs1_5=5.7977141924
xabs2_5=15.3324307002
attackOnU1_5=0.0
u1_5=41.1081023342
uattacked1_5=41.1081023342
attackOnY1_5=-0.4268191511
y1_5=3.574862732
r1_5=-0.0856938239
r_5=0.0856938239
x1_6=7.5364977741
x2_6=19.4432409336
z1_6=5.195372447
z2_6=18.1673359416
xabs1_6=7.5364977741
xabs2_6=19.4432409336
attackOnU1_6=0.0
u1_6=-186.14994897
uattacked1_6=-186.14994897
attackOnY1_6=1.3411363251
y1_6=7.109678623
r1_6=1.914306176
r_6=1.914306176
x1_7=8.5500721227
x2_7=0.8282460367
z1_7=7.9769022718
z2_7=1.4459727139
xabs1_7=8.5500721227
xabs2_7=0.8282460367
attackOnU1_7=0.0
u1_7=-136.0587255
uattacked1_7=-136.0587255
attackOnY1_7=0.0
y1_7=9.8912084478
r1_7=1.914306176
r_7=1.914306176
x1_8=7.9526030988
x2_8=-12.7776265132
z1_8=9.3367518912
z2_8=-10.2662681666
xabs1_8=7.9526030988
xabs2_8=12.7776265132
attackOnU1_8=0.0
u1_8=-91.5403365538
uattacked1_8=-91.5403365538
attackOnY1_8=0.0
y1_8=7.9526030988
r1_8=-1.3841487923
r_8=1.3841487923
x1_9=6.2171387647
x2_9=-21.9316601686
z1_9=6.4818392576
z2_9=-20.7895018074
xabs1_9=6.2171387647
xabs2_9=21.9316601686
attackOnU1_9=0.0
u1_9=-91.5403365538
uattacked1_9=-91.5403365538
attackOnY1_9=0.0
y1_9=6.2171387647
r1_9=-0.2647004928
r_9=0.2647004928
x1_10=3.5662710651
x2_10=-31.0856938239
z1_10=3.6830809661
z2_10=-30.2053771903
xabs1_10=3.5662710651
xabs2_10=31.0856938239
attackOnU1_10=0.0
u1_10=-91.5403365538
uattacked1_10=-91.5403365538
attackOnY1_10=0.0
y1_10=3.5662710651
r1_10=-0.1168099009
r_10=0.1168099009
attack on control signal component 1
[0. 0. 0. 0. 0. 0. 0. 0. 0. 0. 0. 0.]
attack on sensor 1
[-4.66215576 -3.02908939 -1.62290658 -2.0273606  -2.22285146 -0.42681915
  1.34113633  0.          0.          0.          0.          0.        ]
