sat
x1_0=2.3675136192
x2_0=2.0564401564
z1_0=0.0
z2_0=0.0
xabs1_0=2.3675136192
xabs2_0=2.0564401564
attackOnU1_0=0.0
u1_0=0.0
uattacked1_0=0.0
attackOnY1_0=-2.0757446507
y1_0=0.0
r1_0=0.0
r_0=0.0
x1_1=2.5731576348
x2_1=2.0564401564
z1_1=0.0
z2_1=0.0
xabs1_1=2.5731576348
xabs2_1=2.0564401564
attackOnU1_1=0.0
u1_1=0.0
uattacked1_1=0.0
attackOnY1_1=-1.1250284149
y1_1=0.4974129841
r1_1=0.4974129841
r_1=0.4974129841
x1_2=2.7788016505
x2_2=2.0564401564
z1_2=0.4925383368
z2_2=0.4920409239
xabs1_2=2.7788016505
xabs2_2=2.0564401564
attackOnU1_2=0.0
u1_2=-10.6815221673
uattacked1_2=-10.6815221673
attackOnY1_2=0.6272872827
y1_2=1.6537732355
r1_2=1.1612348986
r_2=1.1612348986
x1_3=2.9310380553
x2_3=0.9882879397
z1_3=1.638189615
z2_3=0.5725822689
xabs1_3=2.9310380553
xabs2_3=0.9882879397
attackOnU1_3=0.0
u1_3=-10.6815221673
uattacked1_3=-10.6815221673
attackOnY1_3=2.4870351085
y1_3=3.558325338
r1_3=1.9201357229
r_3=1.9201357229
x1_4=2.9764592384
x2_4=-0.079864277
z1_4=3.543358624
z2_4=1.4038283093
xabs1_4=2.9764592384
xabs2_4=0.079864277
attackOnU1_4=0.0
u1_4=-64.7495040679
uattacked1_4=-64.7495040679
attackOnY1_4=4.53672276
y1_4=5.4634943469
r1_4=1.9201357229
r_4=1.9201357229
x1_5=2.6447252904
x2_5=-6.5548146838
z1_5=5.2613123275
z2_5=-3.1717238402
xabs1_5=2.6447252904
xabs2_5=6.5548146838
attackOnU1_5=0.0
u1_5=-66.3809541439
uattacked1_5=-66.3809541439
attackOnY1_5=2.9360787913
y1_5=7.1814480504
r1_5=1.9201357229
r_5=1.9201357229
x1_6=1.6573390513
x2_6=-13.1929100982
z1_6=6.5135535656
z2_6=-7.9104209975
xabs1_6=1.6573390513
xabs2_6=13.1929100982
attackOnU1_6=0.0
u1_6=-59.623180596
uattacked1_6=-59.623180596
attackOnY1_6=1.5630093085
y1_6=4.5934178426
r1_6=-1.9201357229
r_6=1.9201357229
x1_7=0.0399321385
x2_7=-19.1552281578
z1_7=3.52307717
z2_7=-15.7721373142
xabs1_7=0.0399321385
xabs2_7=19.1552281578
attackOnU1_7=0.0
u1_7=-59.623180596
uattacked1_7=-59.623180596
attackOnY1_7=0.0
y1_7=1.602941447
r1_7=-1.9201357229
r_7=1.9201357229
x1_8=-2.1737065802
x2_8=-25.1175462174
z1_8=-0.2535708572
z2_8=-23.633853631
xabs1_8=2.1737065802
xabs2_8=25.1175462174
attackOnU1_8=0.0
u1_8=-59.623180596
uattacked1_8=-59.623180596
attackOnY1_8=0.0
y1_8=-2.1737065802
r1_8=-1.9201357229
r_8=1.9201357229
x1_9=-4.9835771049
x2_9=-31.079864277
z1_9=-4.8163905162
z2_9=-31.4955699478
xabs1_9=4.9835771049
xabs2_9=31.079864277
attackOnU1_9=0.0
u1_9=255.541919412
uattacked1_9=255.541919412
attackOnY1_9=0.0
y1_9=-4.9835771049
r1_9=-0.1671865887
r_9=0.1671865887
x1_10=-6.8138539356
x2_10=-5.5256723358
z1_10=-6.8537860741
z2_10=-6.1067589801
xabs1_10=6.8138539356
xabs2_10=5.5256723358
attackOnU1_10=0.0
u1_10=255.541919412
uattacked1_10=255.541919412
attackOnY1_10=0.0
y1_10=-6.8138539356
r1_10=0.0399321385
r_10=0.0399321385
attack on control signal component 1
[0. 0. 0. 0. 0. 0. 0. 0. 0. 0. 0. 0.]
attack on sensor 1
[-2.07574465 -1.12502841  0.62728728  2.48703511  4.53672276  2.93607879
  1.56300931  0.          0.          0.          0.          0.        ]
