sat
x1_0=-2.5
x2_0=-3.0
z1_0=0.0
z2_0=0.0
xabs1_0=2.5
xabs2_0=3.0
attackOnU1_0=0.0
u1_0=0.0
uattacked1_0=0.0
attackOnY1_0=4.7429202352
y1_0=0.0
r1_0=0.0
r_0=0.0
x1_1=-2.8
x2_1=-3.0
z1_1=0.0
z2_1=0.0
xabs1_1=2.8
xabs2_1=3.0
attackOnU1_1=0.0
u1_1=0.0
uattacked1_1=0.0
attackOnY1_1=6.1882598302
y1_1=1.9429202352
r1_1=1.9429202352
r_1=1.9429202352
x1_2=-3.1
x2_2=-3.0
z1_2=1.9238796169
z2_2=1.9219366967
xabs1_2=3.1
xabs2_2=3.0
attackOnU1_2=0.0
u1_2=-41.7225650004
uattacked1_2=-41.7225650004
attackOnY1_2=4.7261223385
y1_2=3.0882598302
r1_2=1.1643802132
r_2=1.1643802132
x1_3=-3.608612825
x2_3=-7.1722565
z1_3=3.0604297487
z2_3=-1.0985148963
xabs1_3=3.608612825
xabs2_3=7.1722565
attackOnU1_3=0.0
u1_3=-42.8392899127
uattacked1_3=-42.8392899127
attackOnY1_3=3.4096168818
y1_3=1.1175095135
r1_3=-1.9429202352
r_3=1.9429202352
x1_4=-4.5400349245
x2_4=-11.4561854913
z1_4=0.8125021926
z2_4=-7.3043805843
xabs1_4=4.5400349245
xabs2_4=11.4561854913
attackOnU1_4=0.0
u1_4=-42.8392899127
uattacked1_4=-42.8392899127
attackOnY1_4=1.9009177556
y1_4=-1.1304180426
r1_4=-1.9429202352
r_4=1.9429202352
x1_5=-5.8998499232
x2_5=-15.7401144826
z1_5=-2.0560119323
z2_5=-13.5102462724
xabs1_5=5.8998499232
xabs2_5=15.7401144826
attackOnU1_5=0.0
u1_5=-42.8392899127
uattacked1_5=-42.8392899127
attackOnY1_5=0.8150141737
y1_5=-3.9989321676
r1_5=-1.9429202352
r_5=1.9429202352
x1_6=-7.688057821
x2_6=-20.0240434738
z1_6=-5.5451126261
z2_6=-19.7161119604
xabs1_6=7.688057821
xabs2_6=20.0240434738
attackOnU1_6=0.0
u1_6=200.525833562
uattacked1_6=200.525833562
attackOnY1_6=-1.0840991862
y1_6=-6.8730436473
r1_6=-1.3279310212
r_6=1.3279310212
x1_7=-8.6878330006
x2_7=0.0285398823
z1_7=-7.8290119515
z2_7=-0.9771179703
xabs1_7=8.6878330006
xabs2_7=0.0285398823
attackOnU1_7=0.0
u1_7=131.033264758
uattacked1_7=131.033264758
attackOnY1_7=0.0
y1_7=-9.7719321868
r1_7=-1.9429202352
r_7=1.9429202352
x1_8=-8.0298126886
x2_8=13.1318663581
z1_8=-9.1954370418
z2_8=10.2042718087
xabs1_8=8.0298126886
xabs2_8=13.1318663581
attackOnU1_8=0.0
u1_8=89.6260670325
uattacked1_8=89.6260670325
attackOnY1_8=0.0
y1_8=-8.0298126886
r1_8=1.1656243531
r_8=1.1656243531
x1_9=-6.2684957176
x2_9=22.0944730614
z1_9=-6.5726782912
z2_9=20.3199141221
xabs1_9=6.2684957176
xabs2_9=22.0944730614
attackOnU1_9=0.0
u1_9=89.6260670325
uattacked1_9=89.6260670325
attackOnY1_9=0.0
y1_9=-6.2684957176
r1_9=0.3041825736
r_9=0.3041825736
x1_10=-3.6109180763
x2_10=31.0570797647
z1_10=-3.7913549595
z2_10=29.5834182272
xabs1_10=3.6109180763
xabs2_10=31.0570797647
attackOnU1_10=0.0
u1_10=89.6260670325
uattacked1_10=89.6260670325
attackOnY1_10=0.0
y1_10=-3.6109180763
r1_10=0.1804368831
r_10=0.1804368831
attack on control signal component 1
[0. 0. 0. 0. 0. 0. 0. 0. 0. 0. 0. 0.]
attack on sensor 1
[ 4.74292024  6.18825983  4.72612234  3.40961688  1.90091776  0.81501417
 -1.08409919  0.          0.          0.          0.          0.        ]
