sat
x1_0=0.6931605049
x2_0=-2.1492165484
z1_0=0.0
z2_0=0.0
xabs1_0=0.6931605049
xabs2_0=2.1492165484
attackOnU1_0=0.0
u1_0=0.0
uattacked1_0=0.0
attackOnY1_0=-1.2263331222
y1_0=0.0
r1_0=0.0
r_0=0.0
x1_1=0.4782388501
x2_1=-2.1492165484
z1_1=0.0
z2_1=0.0
xabs1_1=0.4782388501
xabs2_1=2.1492165484
attackOnU1_1=0.0
u1_1=0.0
uattacked1_1=0.0
attackOnY1_1=0.9742353058
y1_1=-0.748094272
r1_1=-0.748094272
r_1=0.748094272
x1_2=0.2633171952
x2_2=-2.1492165484
z1_2=-0.7407629482
z2_2=-0.7400148539
xabs1_2=0.2633171952
xabs2_2=2.1492165484
attackOnU1_2=0.0
u1_2=16.0646903183
uattacked1_2=16.0646903183
attackOnY1_2=1.0740834332
y1_2=1.2375525011
r1_2=1.9783154493
r_2=1.9783154493
x1_3=0.128718992
x2_3=-0.5427475166
z1_3=1.2244869759
z2_3=2.8234038203
xabs1_3=0.128718992
xabs2_3=0.5427475166
attackOnU1_3=0.0
u1_3=16.0646903183
uattacked1_3=16.0646903183
attackOnY1_3=2.182307992
y1_3=1.2028024252
r1_3=-0.0216845506
r_3=0.0216845506
x1_4=0.1547676919
x2_4=1.0637215152
z1_4=1.5656787674
z2_4=4.4084224946
xabs1_4=0.1547676919
xabs2_4=1.0637215152
attackOnU1_4=0.0
u1_4=-50.0595136274
uattacked1_4=-50.0595136274
attackOnY1_4=4.4875338495
y1_4=2.3370756839
r1_4=0.7713969165
r_4=0.7713969165
x1_5=0.0108422753
x2_5=-3.9422298475
z1_5=2.5200606755
z2_5=0.1655369617
xabs1_5=0.0108422753
xabs2_5=3.9422298475
attackOnU1_5=0.0
u1_5=-41.3343800259
uattacked1_5=-41.3343800259
attackOnY1_5=2.9006075897
y1_5=4.4983761248
r1_5=1.9783154493
r_5=1.9783154493
x1_6=-0.5900526095
x2_6=-8.0756678501
z1_6=4.2888704295
z2_6=-2.0109513983
xabs1_6=0.5900526095
xabs2_6=8.0756678501
attackOnU1_6=0.0
u1_6=-57.3650417513
uattacked1_6=-57.3650417513
attackOnY1_6=1.5481512769
y1_6=2.3105549801
r1_6=-1.9783154493
r_6=1.9783154493
x1_7=-1.6844446033
x2_7=-13.8121720252
z1_7=1.8420221229
z2_7=-9.7044052159
xabs1_7=1.6844446033
xabs2_7=13.8121720252
attackOnU1_7=0.0
u1_7=-57.3650417513
uattacked1_7=-57.3650417513
attackOnY1_7=0.0
y1_7=-0.1362933263
r1_7=-1.9783154493
r_7=1.9783154493
x1_8=-3.3524870146
x2_8=-19.5486762004
z1_8=-1.3741715652
z2_8=-17.3978590335
xabs1_8=3.3524870146
xabs2_8=19.5486762004
attackOnU1_8=0.0
u1_8=-57.3650417513
uattacked1_8=-57.3650417513
attackOnY1_8=0.0
y1_8=-3.3524870146
r1_8=-1.9783154493
r_8=1.9783154493
x1_9=-5.5941798433
x2_9=-25.2851803755
z1_9=-5.3597106353
z2_9=-25.0913128511
xabs1_9=5.5941798433
xabs2_9=25.2851803755
attackOnU1_9=0.0
u1_9=-57.3650417513
uattacked1_9=-57.3650417513
attackOnY1_9=0.0
y1_9=-5.5941798433
r1_9=-0.234469208
r_9=0.234469208
x1_10=-8.4095230897
x2_10=-31.0216845506
z1_10=-8.387838539
z2_10=-31.0597539669
xabs1_10=8.4095230897
xabs2_10=31.0216845506
attackOnU1_10=0.0
u1_10=310.32526826
uattacked1_10=310.32526826
attackOnY1_10=0.0
y1_10=-8.4095230897
r1_10=-0.0216845506
r_10=0.0216845506
attack on control signal component 1
[0. 0. 0. 0. 0. 0. 0. 0. 0. 0. 0. 0.]
attack on sensor 1
[-1.22633312  0.97423531  1.07408343  2.18230799  4.48753385  2.90060759
  1.54815128  0.          0.          0.          0.          0.        ]
