sat
x1_0=-0.0076994855
x2_0=-0.209712938
z1_0=0.0
z2_0=0.0
xabs1_0=0.0076994855
xabs2_0=0.209712938
attackOnU1_0=0.0
u1_0=0.0
uattacked1_0=0.0
attackOnY1_0=0.0
y1_0=0.0
r1_0=0.0
r_0=0.0
x1_1=-0.0496420731
x2_1=-0.209712938
z1_1=0.0
z2_1=0.0
xabs1_1=0.0496420731
xabs2_1=0.209712938
attackOnU1_1=0.0
u1_1=0.0
uattacked1_1=0.0
attackOnY1_1=0.0
y1_1=-0.0496420731
r1_1=-0.0496420731
r_1=0.0496420731
x1_2=-0.0915846607
x2_2=-0.209712938
z1_2=-0.0419425876
z2_2=-0.0637156009
xabs1_2=0.0915846607
xabs2_2=0.209712938
attackOnU1_2=0.0
u1_2=0.0
uattacked1_2=0.0
attackOnY1_2=0.0
y1_2=-0.0915846607
r1_2=-0.0496420731
r_2=0.0496420731
x1_3=-0.1335272484
x2_3=-0.209712938
z1_3=-0.0966282954
z2_3=-0.1274312018
xabs1_3=0.1335272484
xabs2_3=0.209712938
attackOnU1_3=0.0
u1_3=0.0
uattacked1_3=0.0
attackOnY1_3=0.0
y1_3=-0.1335272484
r1_3=-0.0368989529
r_3=0.0368989529
x1_4=-0.175469836
x2_4=-0.209712938
z1_4=-0.1532904611
z2_4=-0.1747910079
xabs1_4=0.175469836
xabs2_4=0.209712938
attackOnU1_4=-55.5637823862
u1_4=0.0
uattacked1_4=0.0
attackOnY1_4=0.0100664802
y1_4=-0.175469836
r1_4=-0.0221793748
r_4=0.0221793748
x1_5=-0.2174124236
x2_5=-0.209712938
z1_5=-0.2069880165
z2_5=-0.2032582356
xabs1_5=0.2174124236
xabs2_5=0.209712938
attackOnU1_5=111.1072910572
u1_5=6.1105574425
uattacked1_5=-49.4532249437
attackOnY1_5=1.1139680037
y1_5=-0.2073459434
r1_5=-0.0003579268
r_5=0.0003579268
x1_6=-1.2484195101
x2_6=-10.1003579268
z1_6=-0.1257309272
z2_6=1.0183938538
xabs1_6=1.2484195101
xabs2_6=10.1003579268
attackOnU1_6=-55.7145739483
u1_6=-4.0122506468
uattacked1_6=107.0950404103
attackOnY1_6=1.106939634
y1_6=-0.1344515064
r1_6=-0.0087205791
r_6=0.0087205791
x1_7=-1.1265902872
x2_7=11.3186501552
z1_7=-0.0096651867
z2_7=0.204750861
xabs1_7=1.1265902872
xabs2_7=11.3186501552
attackOnU1_7=0.0
u1_7=-1.1638888495
uattacked1_7=-56.8784627978
attackOnY1_7=0.0
y1_7=-0.0196506532
r1_7=-0.0099854665
r_7=0.0099854665
x1_8=-0.0004295122
x2_8=-0.0570424043
z1_8=-0.0004295122
z2_8=-0.0408432551
xabs1_8=0.0004295122
xabs2_8=0.0570424043
attackOnU1_8=0.0
u1_8=0.2861068387
uattacked1_8=0.2861068387
attackOnY1_8=0.0
y1_8=-0.0004295122
r1_8=0.0
r_8=0.0
x1_9=-0.0061158562
x2_9=0.0001789634
z1_9=-0.0028760264
z2_9=0.0163781126
xabs1_9=0.0061158562
xabs2_9=0.0001789634
attackOnU1_9=0.0
u1_9=0.2861068387
uattacked1_9=0.2861068387
attackOnY1_9=0.0
y1_9=-0.0061158562
r1_9=-0.0032398298
r_9=0.0032398298
x1_10=-0.0003579268
x2_10=0.0574003311
z1_10=0.0033844006
z2_10=0.0694411587
xabs1_10=0.0003579268
xabs2_10=0.0574003311
attackOnU1_10=0.0
u1_10=-0.5471587991
uattacked1_10=-0.5471587991
attackOnY1_10=0.0
y1_10=-0.0003579268
r1_10=-0.0037423274
r_10=0.0037423274
attack on control signal component 1
[  0.           0.           0.           0.         -55.56378239
 111.10729106 -55.71457395   0.           0.           0.
   0.           0.        ]
attack on sensor 1
[0.         0.         0.         0.         0.01006648 1.113968
 1.10693963 0.         0.         0.         0.         0.        ]
