sat
x1_0=1.7711583869
x2_0=2.2778233968
z1_0=0.0
z2_0=0.0
xabs1_0=1.7711583869
xabs2_0=2.2778233968
attackOnU1_0=0.0
u1_0=0.0
uattacked1_0=0.0
attackOnY1_0=0.0
y1_0=0.0
r1_0=0.0
r_0=0.0
x1_1=1.9989407266
x2_1=2.2778233968
z1_1=0.0
z2_1=0.0
xabs1_1=1.9989407266
xabs2_1=2.2778233968
attackOnU1_1=0.0
u1_1=0.0
uattacked1_1=0.0
attackOnY1_1=0.0
y1_1=1.9989407266
r1_1=1.9989407266
r_1=1.9989407266
x1_2=2.2267230663
x2_2=2.2778233968
z1_2=1.9793511075
z2_2=1.9773521668
xabs1_2=2.2267230663
xabs2_2=2.2778233968
attackOnU1_2=0.0
u1_2=0.0
uattacked1_2=0.0
attackOnY1_2=0.0
y1_2=2.2267230663
r1_2=0.2473719588
r_2=0.2473719588
x1_3=2.454505406
x2_3=2.2778233968
z1_3=2.4220340378
z2_3=2.2220525084
xabs1_3=2.454505406
xabs2_3=2.2778233968
attackOnU1_3=0.0
u1_3=0.0
uattacked1_3=0.0
attackOnY1_3=0.0
y1_3=2.454505406
r1_3=0.0324713681
r_3=0.0324713681
x1_4=2.6822877456
x2_4=2.2778233968
z1_4=2.6763924374
z2_4=2.2541731858
xabs1_4=2.6822877456
xabs2_4=2.2778233968
attackOnU1_4=0.0
u1_4=0.0
uattacked1_4=0.0
attackOnY1_4=1.9965179315
y1_4=2.6822877456
r1_4=0.0058953082
r_4=0.0058953082
x1_5=2.9100700853
x2_5=2.2778233968
z1_5=2.9076472902
z2_5=2.2600048247
xabs1_5=2.9100700853
xabs2_5=2.2778233968
attackOnU1_5=0.0
u1_5=0.0
uattacked1_5=0.0
attackOnY1_5=3.8685381845
y1_5=4.9065880169
r1_5=1.9989407266
r_5=1.9989407266
x1_6=3.137852425
x2_6=2.2778233968
z1_6=5.1129988802
z2_6=4.2373569915
xabs1_6=3.137852425
xabs2_6=2.2778233968
attackOnU1_6=0.0
u1_6=-105.955157408
uattacked1_6=-105.955157408
attackOnY1_6=2.0469955784
y1_6=7.0063906095
r1_6=1.8933917293
r_6=1.8933917293
x1_7=2.8358589777
x2_7=-8.317692344
z1_7=6.8817952827
z2_7=-4.4852156505
xabs1_7=2.8358589777
xabs2_7=8.317692344
attackOnU1_7=0.0
u1_7=-84.9203666849
uattacked1_7=-84.9203666849
attackOnY1_7=0.4508921402
y1_7=4.8828545561
r1_7=-1.9989407266
r_7=1.9989407266
x1_8=1.5794879098
x2_8=-16.8097290125
z1_8=4.0293207767
z2_8=-14.9546044858
xabs1_8=1.5794879098
xabs2_8=16.8097290125
attackOnU1_8=0.0
u1_8=20.0851436045
uattacked1_8=20.0851436045
attackOnY1_8=-1.3429465146
y1_8=2.0303800501
r1_8=-1.9989407266
r_8=1.9989407266
x1_9=-0.0010592733
x2_9=-14.801214652
z1_9=0.6549349386
z2_9=-14.9234422922
xabs1_9=0.0010592733
xabs2_9=14.801214652
attackOnU1_9=0.0
u1_9=74.0007768934
uattacked1_9=74.0007768934
attackOnY1_9=-3.3345203861
y1_9=-1.3440057879
r1_9=-1.9989407266
r_9=1.9989407266
x1_10=-1.111176854
x2_10=-7.4011369626
z1_10=-2.4467565136
z2_10=-9.5007167696
xabs1_10=1.111176854
xabs2_10=7.4011369626
attackOnU1_10=0.0
u1_10=74.0007768934
uattacked1_10=74.0007768934
attackOnY1_10=-1.5721103004
y1_10=-4.4456972402
r1_10=-1.9989407266
r_10=1.9989407266
x1_11=-1.4812866658
x2_11=-0.0010592733
z1_11=-5.0061754136
z2_11=-4.0779912471
xabs1_11=1.4812866658
xabs2_11=0.0010592733
attackOnU1_11=0.0
u1_11=103.340395156
uattacked1_11=103.340395156
attackOnY1_11=0.0
y1_11=-3.0533969663
r1_11=1.9527784472
r_11=1.9527784472
x1_12=-0.9646906174
x2_12=10.3329802422
z1_12=-2.963631344
z2_12=8.1877367084
xabs1_12=0.9646906174
xabs2_12=10.3329802422
attackOnU1_12=0.0
u1_12=103.340395156
uattacked1_12=103.340395156
attackOnY1_12=0.0
y1_12=-0.9646906174
r1_12=1.9989407266
r_12=1.9989407266
x1_13=0.5853093825
x2_13=20.6670197577
z1_13=0.35119541
z2_13=20.4991283908
xabs1_13=0.5853093825
xabs2_13=20.6670197577
attackOnU1_13=0.0
u1_13=103.340395156
uattacked1_13=103.340395156
attackOnY1_13=0.0
y1_13=0.5853093825
r1_13=0.2341139724
r_13=0.2341139724
x1_14=3.1687133341
x2_14=31.0010592733
z1_14=3.1496298804
z2_14=31.064753448
xabs1_14=3.1687133341
xabs2_14=31.0010592733
attackOnU1_14=0.0
u1_14=103.340395156
uattacked1_14=103.340395156
attackOnY1_14=0.0
y1_14=3.1687133341
r1_14=0.0190834536
r_14=0.0190834536
attack on control signal component 1
[0. 0. 0. 0. 0. 0. 0. 0. 0. 0. 0. 0. 0. 0. 0. 0.]
attack on sensor 1
[ 0.          0.          0.          0.          1.99651793  3.86853818
  2.04699558  0.45089214 -1.34294651 -3.33452039 -1.5721103   0.
  0.          0.          0.          0.        ]
