sat
x1_0=0.0720001386
x2_0=-0.1800706987
z1_0=0.0
z2_0=0.0
xabs1_0=0.0720001386
xabs2_0=0.1800706987
attackOnU1_0=0.0
u1_0=0.0
uattacked1_0=0.0
attackOnY1_0=0.0
y1_0=0.0
r1_0=0.0
r_0=0.0
x1_1=0.0359859989
x2_1=-0.1800706987
z1_1=0.0
z2_1=0.0
xabs1_1=0.0359859989
xabs2_1=0.1800706987
attackOnU1_1=0.0
u1_1=0.0
uattacked1_1=0.0
attackOnY1_1=0.0
y1_1=0.0359859989
r1_1=0.0359859989
r_1=0.0359859989
x1_2=-2.81408e-05
x2_2=-0.1800706987
z1_2=0.0304045705
z2_2=0.0461880296
xabs1_2=2.81408e-05
xabs2_2=0.1800706987
attackOnU1_2=0.0
u1_2=0.0
uattacked1_2=0.0
attackOnY1_2=0.0
y1_2=-2.81408e-05
r1_2=-0.0304327113
r_2=0.0304327113
x1_3=-0.0360422805
x2_3=-0.1800706987
z1_3=0.0139295786
z2_3=0.0071276446
xabs1_3=0.0360422805
xabs2_3=0.1800706987
attackOnU1_3=0.0
u1_3=-0.3669062837
uattacked1_3=-0.3669062837
attackOnY1_3=0.0
y1_3=-0.0360422805
r1_3=-0.0499718591
r_3=0.0499718591
x1_4=-0.0793945459
x2_4=-0.2534519554
z1_4=-0.0342042419
z2_4=-0.1303924933
xabs1_4=0.0793945459
xabs2_4=0.2534519554
attackOnU1_4=0.0
u1_4=-0.3669062837
uattacked1_4=-0.3669062837
attackOnY1_4=0.0
y1_4=-0.0793945459
r1_4=-0.045190304
r_4=0.045190304
x1_5=-0.1374230627
x2_5=-0.3268332122
z1_5=-0.1058021541
z2_5=-0.2617755053
xabs1_5=0.1374230627
xabs2_5=0.3268332122
attackOnU1_5=62.5706954365
u1_5=-0.3669062837
uattacked1_5=-0.3669062837
attackOnY1_5=-0.0320559149
y1_5=-0.1374230627
r1_5=-0.0316209085
r_5=0.0316209085
x1_6=-0.2101278308
x2_6=-0.4002144689
z1_6=-0.1922118865
z2_6=-0.3757421982
xabs1_6=0.2101278308
xabs2_6=0.4002144689
attackOnU1_6=-126.1685784629
u1_6=6.939247836
uattacked1_6=69.5099432725
attackOnY1_6=-1.2740380828
y1_6=-0.2421837457
r1_6=-0.0499718591
r_6=0.0499718591
x1_7=1.1000281408
x2_7=13.5017741855
z1_7=-0.1707965933
z2_7=0.9479684876
xabs1_7=1.1000281408
xabs2_7=13.5017741855
attackOnU1_7=63.3099611586
u1_7=-2.5048169386
uattacked1_7=-128.6733954016
attackOnY1_7=-1.2703984373
y1_7=-0.174009942
r1_7=-0.0032133486
r_7=0.0032133486
x1_8=1.2269150698
x2_8=-12.2329048947
z1_8=-0.0340141928
z2_8=0.4428807669
xabs1_8=1.2269150698
xabs2_8=12.2329048947
attackOnU1_8=0.0
u1_8=-2.2176187439
uattacked1_8=61.0923424147
attackOnY1_8=0.0
y1_8=-0.0434833674
r1_8=-0.0094691746
r_8=0.0094691746
x1_9=0.0021809392
x2_9=-0.0144364118
z1_9=0.00220908
z2_9=-0.0127966674
xabs1_9=0.0021809392
xabs2_9=0.0144364118
attackOnU1_9=0.0
u1_9=0.0360206775
uattacked1_9=0.0360206775
attackOnY1_9=0.0
y1_9=0.0021809392
r1_9=-2.81408e-05
r_9=2.81408e-05
x1_10=1.40704e-05
x2_10=-0.0072322763
z1_10=0.0003463839
z2_10=-0.0056286506
xabs1_10=1.40704e-05
xabs2_10=0.0072322763
attackOnU1_10=0.0
u1_10=0.0360206775
uattacked1_10=0.0360206775
attackOnY1_10=0.0
y1_10=1.40704e-05
r1_10=-0.0003323135
r_10=0.0003323135
x1_11=-0.0007119713
x2_11=-2.81408e-05
z1_11=-0.0003397043
z2_11=0.0011489604
xabs1_11=0.0007119713
xabs2_11=2.81408e-05
attackOnU1_11=0.0
u1_11=0.0
uattacked1_11=0.0
attackOnY1_11=0.0
y1_11=-0.0007119713
r1_11=-0.0003722669
r_11=0.0003722669
attack on control signal component 1
[   0.            0.            0.            0.            0.
   62.57069544 -126.16857846   63.30996116    0.            0.
    0.            0.            0.        ]
attack on sensor 1
[ 0.          0.          0.          0.          0.         -0.03205591
 -1.27403808 -1.27039844  0.          0.          0.          0.
  0.        ]
