sat
x1_0=-0.011411204
x2_0=0.0058036394
z1_0=0.0
z2_0=0.0
xabs1_0=0.011411204
xabs2_0=0.0058036394
attackOnU1_0=0.0
u1_0=0.0
uattacked1_0=0.0
attackOnY1_0=0.0
y1_0=0.0
r1_0=0.0
r_0=0.0
x1_1=-0.0102504761
x2_1=0.0058036394
z1_1=0.0
z2_1=0.0
xabs1_1=0.0102504761
xabs2_1=0.0058036394
attackOnU1_1=0.0
u1_1=0.0
uattacked1_1=0.0
attackOnY1_1=0.0
y1_1=-0.0102504761
r1_1=-0.0102504761
r_1=0.0102504761
x1_2=-0.0090897482
x2_2=0.0058036394
z1_2=-0.0086606272
z2_2=-0.0131564861
xabs1_2=0.0090897482
xabs2_2=0.0058036394
attackOnU1_2=0.0
u1_2=0.0
uattacked1_2=0.0
attackOnY1_2=0.0
y1_2=-0.0090897482
r1_2=-0.0004291209
r_2=0.0004291209
x1_3=-0.0079290203
x2_3=0.0058036394
z1_3=-0.0116544888
z2_3=-0.0137072628
xabs1_3=0.0079290203
xabs2_3=0.0058036394
attackOnU1_3=0.0
u1_3=0.0
uattacked1_3=0.0
attackOnY1_3=0.0
y1_3=-0.0079290203
r1_3=0.0037254684
r_3=0.0037254684
x1_4=-0.0067682924
x2_4=0.0058036394
z1_4=-0.011248293
z2_4=-0.0089256241
xabs1_4=0.0067682924
xabs2_4=0.0058036394
attackOnU1_4=0.0
u1_4=0.0
uattacked1_4=0.0
attackOnY1_4=0.0
y1_4=-0.0067682924
r1_4=0.0044800006
r_4=0.0044800006
x1_5=-0.0056075645
x2_5=0.0058036394
z1_5=-0.0092482654
z2_5=-0.0031755433
xabs1_5=0.0056075645
xabs2_5=0.0058036394
attackOnU1_5=0.0
u1_5=0.2330698597
uattacked1_5=0.2330698597
attackOnY1_5=0.0
y1_5=-0.0056075645
r1_5=0.0036407008
r_5=0.0036407008
x1_6=0.0002145604
x2_6=0.0524176113
z1_6=-0.0021459487
z2_6=0.0481112681
xabs1_6=0.0002145604
xabs2_6=0.0524176113
attackOnU1_6=54.247745231
u1_6=0.2330698597
uattacked1_6=0.2330698597
attackOnY1_6=-0.0016565046
y1_6=0.0002145604
r1_6=0.0023605092
r_6=0.0023605092
x1_7=0.0153594799
x2_7=0.0990315833
z1_7=0.0141320963
z2_7=0.0977549536
xabs1_7=0.0153594799
xabs2_7=0.0990315833
attackOnU1_7=-107.1531586932
u1_7=-0.9845790137
uattacked1_7=53.2631662172
attackOnY1_7=-1.0511013319
y1_7=0.0137029753
r1_7=-0.0004291209
r_7=0.0004291209
x1_8=1.1004291209
x2_8=10.7516648267
z1_8=0.0136289424
z2_8=-0.0997116258
xabs1_8=1.1004291209
xabs2_8=10.7516648267
attackOnU1_8=52.050830377
u1_8=0.3626754728
uattacked1_8=-106.7904832203
attackOnY1_8=-1.0842794607
y1_8=0.0493277889
r1_8=0.0356988465
r_8=0.0356988465
x1_9=1.1149524219
x2_9=-10.6064318172
z1_9=0.0311020821
z2_9=0.0186429382
xabs1_9=1.1149524219
xabs2_9=10.6064318172
attackOnU1_9=0.0
u1_9=-0.8376866089
uattacked1_9=51.213143768
attackOnY1_9=0.0
y1_9=0.0306729612
r1_9=-0.0004291209
r_9=0.0004291209
x1_10=0.0179289338
x2_10=-0.3638030636
z1_10=0.0177143733
z2_10=-0.1494451603
xabs1_10=0.0179289338
xabs2_10=0.3638030636
attackOnU1_10=0.0
u1_10=0.6056232378
uattacked1_10=0.6056232378
attackOnY1_10=0.0
y1_10=0.0179289338
r1_10=0.0002145604
r_10=0.0002145604
x1_11=-0.0427192141
x2_11=-0.2426784161
z1_11=0.0001190881
z2_11=-0.0280451243
xabs1_11=0.0427192141
xabs2_11=0.2426784161
attackOnU1_11=0.0
u1_11=0.6056232378
uattacked1_11=0.6056232378
attackOnY1_11=0.0
y1_11=-0.0427192141
r1_11=-0.0428383023
r_11=0.0428383023
x1_12=-0.0791424326
x2_12=-0.1215537685
z1_12=-0.0295715535
z2_12=0.0380965621
xabs1_12=0.0791424326
xabs2_12=0.1215537685
attackOnU1_12=0.0
u1_12=0.6056232378
uattacked1_12=0.6056232378
attackOnY1_12=0.0
y1_12=-0.0791424326
r1_12=-0.049570879
r_12=0.049570879
attack on control signal component 1
[   0.            0.            0.            0.            0.
    0.           54.24774523 -107.15315869   52.05083038    0.
    0.            0.            0.            0.        ]
attack on sensor 1
[ 0.          0.          0.          0.          0.          0.
 -0.0016565  -1.05110133 -1.08427946  0.          0.          0.
  0.          0.        ]
