sat
x1_0=1.6888040172
x2_0=-3.0
z1_0=0.0
z2_0=0.0
xabs1_0=1.6888040172
xabs2_0=3.0
attackOnU1_0=0.0
u1_0=0.0
uattacked1_0=0.0
attackOnY1_0=0.0
y1_0=0.0
r1_0=0.0
r_0=0.0
x1_1=1.3888040172
x2_1=-3.0
z1_1=0.0
z2_1=0.0
xabs1_1=1.3888040172
xabs2_1=3.0
attackOnU1_1=0.0
u1_1=0.0
uattacked1_1=0.0
attackOnY1_1=0.0
y1_1=1.3888040172
r1_1=1.3888040172
r_1=1.3888040172
x1_2=1.0888040172
x2_2=-3.0
z1_2=1.3751937378
z2_2=1.3738049338
xabs1_2=1.0888040172
xabs2_2=3.0
attackOnU1_2=0.0
u1_2=-29.8233889533
uattacked1_2=-29.8233889533
attackOnY1_2=-0.6615433471
y1_2=1.0888040172
r1_2=-0.2863897206
r_2=0.2863897206
x1_3=0.6396870724
x2_3=-5.9823388953
z1_3=1.0798741851
z2_3=-1.8918306731
xabs1_3=0.6396870724
xabs2_3=5.9823388953
attackOnU1_3=0.0
u1_3=-29.8233889533
uattacked1_3=-29.8233889533
attackOnY1_3=-0.2402487779
y1_3=-0.0218562746
r1_3=-1.1017304597
r_3=1.1017304597
x1_4=-0.1076637618
x2_4=-8.9646777906
z1_4=-0.3493593282
z2_4=-5.9640013393
xabs1_4=0.1076637618
xabs2_4=8.9646777906
attackOnU1_4=0.0
u1_4=-29.8233889533
uattacked1_4=-29.8233889533
attackOnY1_4=-1.9373017343
y1_4=-0.3479125397
r1_4=0.0014467884
r_4=0.0014467884
x1_5=-1.1532484856
x2_5=-11.947016686
z1_5=-1.0934437969
z2_5=-8.9449090714
xabs1_5=1.1532484856
xabs2_5=11.947016686
attackOnU1_5=0.0
u1_5=68.1759868986
uattacked1_5=68.1759868986
attackOnY1_5=-3.6146257529
y1_5=-3.0905502199
r1_5=-1.997106423
r_5=1.997106423
x1_6=-2.0070702197
x2_6=-5.1294179961
z1_6=-3.6245895496
z2_6=-4.1028480552
xabs1_6=2.0070702197
xabs2_6=5.1294179961
attackOnU1_6=0.0
u1_6=81.3340416576
uattacked1_6=81.3340416576
attackOnY1_6=-5.4895035388
y1_6=-5.6216959726
r1_6=-1.997106423
r_6=1.997106423
x1_7=-2.113341811
x2_7=3.0039861696
z1_7=-5.6057389269
z2_7=2.0550184369
xabs1_7=2.113341811
xabs2_7=3.0039861696
attackOnU1_7=0.0
u1_7=78.2251907538
uattacked1_7=78.2251907538
attackOnY1_7=-3.5677222462
y1_7=-7.6028453499
r1_7=-1.997106423
r_7=1.997106423
x1_8=-1.4218172403
x2_8=10.8265052449
z1_8=-6.9866459095
z2_8=7.9019998386
xabs1_8=1.4218172403
xabs2_8=10.8265052449
attackOnU1_8=0.0
u1_8=67.2546277733
uattacked1_8=67.2546277733
attackOnY1_8=-1.8826380067
y1_8=-4.9895394865
r1_8=1.997106423
r_8=1.997106423
x1_9=-0.0028935769
x2_9=17.5519680223
z1_9=-3.8826380067
z2_9=16.6030002896
xabs1_9=0.0028935769
xabs2_9=17.5519680223
attackOnU1_9=0.0
u1_9=67.2546277733
uattacked1_9=67.2546277733
attackOnY1_9=0.0
y1_9=-1.8855315837
r1_9=1.997106423
r_9=1.997106423
x1_10=2.0885763641
x2_10=24.2774307996
z1_10=0.091469941
z2_10=25.3040007405
xabs1_10=2.0885763641
xabs2_10=24.2774307996
attackOnU1_10=0.0
u1_10=67.2546277733
uattacked1_10=67.2546277733
attackOnY1_10=0.0
y1_10=2.0885763641
r1_10=1.997106423
r_10=1.997106423
x1_11=4.8525925829
x2_11=31.0028935769
z1_11=4.935677934
z2_11=34.0050011915
xabs1_11=4.8525925829
xabs2_11=31.0028935769
attackOnU1_11=0.0
u1_11=-271.663022166
uattacked1_11=-271.663022166
attackOnY1_11=0.0
y1_11=4.8525925829
r1_11=-0.0830853511
r_11=0.0830853511
x1_12=6.5945668298
x2_12=3.8365913604
z1_12=6.8955918277
z2_12=6.7565109456
xabs1_12=6.5945668298
xabs2_12=3.8365913604
attackOnU1_12=0.0
u1_12=-148.794432393
uattacked1_12=-148.794432393
attackOnY1_12=0.0
y1_12=6.5945668298
r1_12=-0.3010249978
r_12=0.3010249978
attack on control signal component 1
[0. 0. 0. 0. 0. 0. 0. 0. 0. 0. 0. 0. 0. 0.]
attack on sensor 1
[ 0.          0.         -0.66154335 -0.24024878 -1.93730173 -3.61462575
 -5.48950354 -3.56772225 -1.88263801  0.          0.          0.
  0.          0.        ]
