sat
x1_0=-1.5149044555
x2_0=1.4216304797
z1_0=0.0
z2_0=0.0
xabs1_0=1.5149044555
xabs2_0=1.4216304797
attackOnU1_0=0.0
u1_0=0.0
uattacked1_0=0.0
attackOnY1_0=-0.6226350336
y1_0=0.0
r1_0=0.0
r_0=0.0
x1_1=-1.3727414075
x2_1=1.4216304797
z1_1=0.0
z2_1=0.0
xabs1_1=1.3727414075
xabs2_1=1.4216304797
attackOnU1_1=0.0
u1_1=0.0
uattacked1_1=0.0
attackOnY1_1=-2.7406198337
y1_1=-1.9953764412
r1_1=-1.9953764412
r_1=1.9953764412
x1_2=-1.2305783596
x2_2=1.4216304797
z1_2=-1.9758217521
z2_2=-1.9738263756
xabs1_2=1.2305783596
xabs2_2=1.4216304797
attackOnU1_2=0.0
u1_2=42.8490175554
uattacked1_2=42.8490175554
attackOnY1_2=-5.0559872714
y1_2=-3.9711981933
r1_2=-1.9953764412
r_2=1.9953764412
x1_3=-0.8741702238
x2_3=5.7065322352
z1_3=-3.934781054
z2_3=0.3372490041
xabs1_3=0.8741702238
xabs2_3=5.7065322352
attackOnU1_3=0.0
u1_3=61.1657559412
uattacked1_3=61.1657559412
attackOnY1_3=-3.5779844641
y1_3=-5.9301574953
r1_3=-1.9953764412
r_3=1.9953764412
x1_4=0.0023117793
x2_4=11.8231078293
z1_4=-5.571049126
z2_4=4.4799982226
xabs1_4=0.0023117793
xabs2_4=11.8231078293
attackOnU1_4=0.0
u1_4=63.9383857644
uattacked1_4=63.9383857644
attackOnY1_4=-2.3364736727
y1_4=-3.5756726848
r1_4=1.9953764412
r_4=1.9953764412
x1_5=1.5043144911
x2_5=18.2169464058
z1_5=-2.8275356228
z2_5=12.8476631747
xabs1_5=1.5043144911
xabs2_5=18.2169464058
attackOnU1_5=0.0
u1_5=63.9383857644
uattacked1_5=63.9383857644
attackOnY1_5=-0.8975802437
y1_5=-0.8321591815
r1_5=1.9953764412
r_5=1.9953764412
x1_6=3.6457010605
x2_6=24.6107849822
z1_6=0.7527443755
z2_6=21.2153281268
xabs1_6=3.6457010605
xabs2_6=24.6107849822
attackOnU1_6=0.0
u1_6=63.9383857644
uattacked1_6=63.9383857644
attackOnY1_6=0.2208504406
y1_6=2.7481208168
r1_6=1.9953764412
r_6=1.9953764412
x1_7=6.4264714875
x2_7=31.0046235587
z1_7=5.1697908692
z2_7=29.582993079
xabs1_7=6.4264714875
xabs2_7=31.0046235587
attackOnU1_7=0.0
u1_7=-250.377605004
uattacked1_7=-250.377605004
attackOnY1_7=0.0
y1_7=6.6473219282
r1_7=1.4775310589
r_7=1.4775310589
x1_8=8.2750458184
x2_8=5.9668630583
z1_8=8.3392534067
z2_8=6.0068063021
xabs1_8=8.2750458184
xabs2_8=5.9668630583
attackOnU1_8=0.0
u1_8=-250.377605004
uattacked1_8=-250.377605004
attackOnY1_8=0.0
y1_8=8.2750458184
r1_8=-0.0642075882
r_8=0.0642075882
x1_9=7.6198440992
x2_9=-19.070897442
z1_9=7.624467658
z2_9=-19.0944683444
xabs1_9=7.6198440992
xabs2_9=19.070897442
attackOnU1_9=0.0
u1_9=-14.1050427913
uattacked1_9=-14.1050427913
attackOnY1_9=0.0
y1_9=7.6198440992
r1_9=-0.0046235587
r_9=0.0046235587
x1_10=5.6422291411
x2_10=-20.4814017211
z1_10=5.6399173617
z2_10=-20.5095462479
xabs1_10=5.6422291411
xabs2_10=20.4814017211
attackOnU1_10=0.0
u1_10=-14.1050427913
uattacked1_10=-14.1050427913
attackOnY1_10=0.0
y1_10=5.6422291411
r1_10=0.0023117793
r_10=0.0023117793
attack on control signal component 1
[0. 0. 0. 0. 0. 0. 0. 0. 0. 0. 0. 0.]
attack on sensor 1
[-0.62263503 -2.74061983 -5.05598727 -3.57798446 -2.33647367 -0.89758024
  0.22085044  0.          0.          0.          0.          0.        ]
