sat
x1_0=-0.5483525141
x2_0=3.0
z1_0=0.0
z2_0=0.0
xabs1_0=0.5483525141
xabs2_0=3.0
attackOnU1_0=0.0
u1_0=0.0
uattacked1_0=0.0
attackOnY1_0=0.0
y1_0=0.0
r1_0=0.0
r_0=0.0
x1_1=-0.2483525141
x2_1=3.0
z1_1=0.0
z2_1=0.0
xabs1_1=0.2483525141
xabs2_1=3.0
attackOnU1_1=0.0
u1_1=0.0
uattacked1_1=0.0
attackOnY1_1=0.0
y1_1=-0.2483525141
r1_1=-0.2483525141
r_1=0.2483525141
x1_2=0.0516474858
x2_2=3.0
z1_2=-0.2459186595
z2_2=-0.245670307
xabs1_2=0.0516474858
xabs2_2=3.0
attackOnU1_2=0.0
u1_2=0.0
uattacked1_2=0.0
attackOnY1_2=-0.3326023574
y1_2=0.0516474858
r1_2=0.2975661453
r_2=0.2975661453
x1_3=0.3516474858
x2_3=3.0
z1_3=0.0241643068
z2_3=0.0486821239
xabs1_3=0.3516474858
xabs2_3=3.0
attackOnU1_3=0.0
u1_3=0.0
uattacked1_3=0.0
attackOnY1_3=0.7355068875
y1_3=0.0190451283
r1_3=-0.0051191785
r_3=0.0051191785
x1_4=0.6516474858
x2_4=3.0
z1_4=0.0239635086
z2_4=0.0436182325
xabs1_4=0.6516474858
xabs2_4=3.0
attackOnU1_4=0.0
u1_4=0.0
uattacked1_4=0.0
attackOnY1_4=-0.1710164178
y1_4=1.3871543733
r1_4=1.3631908647
r_4=1.3631908647
x1_5=0.9516474858
x2_5=3.0
z1_5=1.3781569261
z2_5=1.3920866358
xabs1_5=0.9516474858
xabs2_5=3.0
attackOnU1_5=0.0
u1_5=-29.9744041071
uattacked1_5=-29.9744041071
attackOnY1_5=-2.3208328222
y1_5=0.7806310679
r1_5=-0.5975258581
r_5=0.5975258581
x1_6=1.1017754652
x2_6=0.0025595892
z1_6=0.7758234644
z2_6=-2.1964263537
xabs1_6=1.1017754652
xabs2_6=0.0025595892
attackOnU1_6=0.0
u1_6=0.0
uattacked1_6=0.0
attackOnY1_6=-4.5160624059
y1_6=-1.2190573569
r1_6=-1.9948808214
r_6=1.9948808214
x1_7=1.1020314241
x2_7=0.0025595892
z1_7=-1.4191501602
z2_7=-4.1697624622
xabs1_7=1.1020314241
xabs2_7=0.0025595892
attackOnU1_7=0.0
u1_7=46.3592899133
uattacked1_7=46.3592899133
attackOnY1_7=-2.9188639575
y1_7=-3.4140309817
r1_7=-1.9948808214
r_7=1.9948808214
x1_8=1.3340838326
x2_8=4.6384885806
z1_8=-3.5796609463
z2_8=-1.5071695794
xabs1_8=1.3340838326
xabs2_8=4.6384885806
attackOnU1_8=0.0
u1_8=65.9165764948
uattacked1_8=65.9165764948
attackOnY1_8=-1.5580987842
y1_8=-1.5847801249
r1_8=1.9948808214
r_8=1.9948808214
x1_9=2.1275155732
x2_9=11.2301462301
z1_9=-1.4254640324
z2_9=7.0578241785
xabs1_9=2.1275155732
xabs2_9=11.2301462301
attackOnU1_9=0.0
u1_9=65.9165764948
uattacked1_9=65.9165764948
attackOnY1_9=0.0
y1_9=0.569416789
r1_9=1.9948808214
r_9=1.9948808214
x1_10=3.5801130787
x2_10=17.8218038795
z1_10=1.5852322572
z2_10=15.6228179366
xabs1_10=3.5801130787
xabs2_10=17.8218038795
attackOnU1_10=0.0
u1_10=65.9165764948
uattacked1_10=65.9165764948
attackOnY1_10=0.0
y1_10=3.5801130787
r1_10=1.9948808214
r_10=1.9948808214
x1_11=5.6918763491
x2_11=24.413461529
z1_11=5.4524279227
z2_11=24.1878116946
xabs1_11=5.6918763491
xabs2_11=24.413461529
attackOnU1_11=0.0
u1_11=65.9165764948
uattacked1_11=65.9165764948
attackOnY1_11=0.0
y1_11=5.6918763491
r1_11=0.2394484263
r_11=0.2394484263
x1_12=8.4628053845
x2_12=31.0051191785
z1_12=8.4378938065
z2_12=31.0163317274
xabs1_12=8.4628053845
xabs2_12=31.0051191785
attackOnU1_12=0.0
u1_12=-310.881798804
uattacked1_12=-310.881798804
attackOnY1_12=0.0
y1_12=8.4628053845
r1_12=0.024911578
r_12=0.024911578
attack on control signal component 1
[0. 0. 0. 0. 0. 0. 0. 0. 0. 0. 0. 0. 0. 0.]
attack on sensor 1
[ 0.          0.         -0.33260236  0.73550689 -0.17101642 -2.32083282
 -4.51606241 -2.91886396 -1.55809878  0.          0.          0.
  0.          0.        ]
