sat
x1_0=0.6662389452
x2_0=1.3441905691
z1_0=0.0
z2_0=0.0
xabs1_0=0.6662389452
xabs2_0=1.3441905691
attackOnU1_0=0.0
u1_0=0.0
uattacked1_0=0.0
attackOnY1_0=0.0
y1_0=0.0
r1_0=0.0
r_0=0.0
x1_1=0.8006580021
x2_1=1.3441905691
z1_1=0.0
z2_1=0.0
xabs1_1=0.8006580021
xabs2_1=1.3441905691
attackOnU1_1=0.0
u1_1=0.0
uattacked1_1=0.0
attackOnY1_1=-0.1422743528
y1_1=0.8006580021
r1_1=0.8006580021
r_1=0.8006580021
x1_2=0.935077059
x2_2=1.3441905691
z1_2=0.7928115537
z2_2=0.7920108957
xabs1_2=0.935077059
xabs2_2=1.3441905691
attackOnU1_2=0.0
u1_2=-17.1934518628
uattacked1_2=-17.1934518628
attackOnY1_2=0.767628101
y1_2=0.7928027062
r1_2=-8.8474e-06
r_2=8.8474e-06
x1_3=0.9835288566
x2_3=-0.3751546171
z1_3=0.7860366232
z2_3=-0.9273430424
xabs1_3=0.9835288566
xabs2_3=0.3751546171
attackOnU1_3=0.0
u1_3=-17.1934518628
uattacked1_3=-17.1934518628
attackOnY1_3=2.3328886629
y1_3=1.7511569577
r1_3=0.9651203344
r_3=0.9651203344
x1_4=0.8600461356
x2_4=-2.0944998034
z1_4=1.5629972148
z2_4=-1.6919911938
xabs1_4=0.8600461356
xabs2_4=2.0944998034
attackOnU1_4=0.0
u1_4=-17.1934518628
uattacked1_4=-17.1934518628
attackOnY1_4=0.357174983
y1_4=3.1929347985
r1_4=1.6299375837
r_4=1.6299375837
x1_5=0.5646288959
x2_5=-3.8138449897
z1_5=2.9217950315
z2_5=-1.7990021223
xabs1_5=0.5646288959
xabs2_5=3.8138449897
attackOnU1_5=0.0
u1_5=-36.650648898
uattacked1_5=-36.650648898
attackOnY1_5=-1.4217319694
y1_5=0.921803879
r1_5=-1.9999911525
r_5=1.9999911525
x1_6=-8.8474e-06
x2_6=-7.4789098795
z1_6=0.5782503356
z2_6=-7.4424582602
xabs1_6=8.8474e-06
xabs2_6=7.4789098795
attackOnU1_6=0.0
u1_6=-36.650648898
uattacked1_6=-36.650648898
attackOnY1_6=-3.3984780467
y1_6=-1.4217408169
r1_6=-1.9999911525
r_6=1.9999911525
x1_7=-0.9311530799
x2_7=-11.1439747693
z1_7=-2.3296399741
z2_7=-13.0859143981
xabs1_7=0.9311530799
xabs2_7=11.1439747693
attackOnU1_7=0.0
u1_7=111.439659218
uattacked1_7=111.439659218
attackOnY1_7=-1.5885093499
y1_7=-4.3296311266
r1_7=-1.9999911525
r_7=1.9999911525
x1_8=-1.4883522607
x2_8=-8.8474e-06
z1_8=-5.0614243571
z2_8=-3.9203397243
xabs1_8=1.4883522607
xabs2_8=8.8474e-06
attackOnU1_8=0.0
u1_8=103.333392316
uattacked1_8=103.333392316
attackOnY1_8=0.0
y1_8=-3.0768616106
r1_8=1.9845627464
r_8=1.9845627464
x1_9=-0.9716861839
x2_9=10.3333303841
z1_9=-2.9716773364
z2_9=8.376128976
xabs1_9=0.9716861839
xabs2_9=10.3333303841
attackOnU1_9=0.0
u1_9=103.333392316
uattacked1_9=103.333392316
attackOnY1_9=0.0
y1_9=-0.9716861839
r1_9=1.9999911525
r_9=1.9999911525
x1_10=0.578313816
x2_10=20.6666696158
z1_10=0.3629937619
z2_10=20.6878594557
xabs1_10=0.578313816
xabs2_10=20.6666696158
attackOnU1_10=0.0
u1_10=103.333392316
uattacked1_10=103.333392316
attackOnY1_10=0.0
y1_10=0.578313816
r1_10=0.2153200541
r_10=0.2153200541
x1_11=3.1616477392
x2_11=31.0000088474
z1_11=3.1616565867
z2_11=31.2341932849
xabs1_11=3.1616477392
xabs2_11=31.0000088474
attackOnU1_11=0.0
u1_11=-227.536236634
uattacked1_11=-227.536236634
attackOnY1_11=0.0
y1_11=3.1616477392
r1_11=-8.8474e-06
r_11=8.8474e-06
attack on control signal component 1
[0. 0. 0. 0. 0. 0. 0. 0. 0. 0. 0. 0. 0.]
attack on sensor 1
[ 0.         -0.14227435  0.7676281   2.33288866  0.35717498 -1.42173197
 -3.39847805 -1.58850935  0.          0.          0.          0.
  0.        ]
