sat
x1_0=-2.5
x2_0=-2.5865393968
z1_0=0.0
z2_0=0.0
xabs1_0=2.5
xabs2_0=2.5865393968
attackOnU1_0=0.0
u1_0=0.0
uattacked1_0=0.0
attackOnY1_0=0.8105667757
y1_0=0.0
r1_0=0.0
r_0=0.0
x1_1=-2.7586539396
x2_1=-2.5865393968
z1_1=0.0
z2_1=0.0
xabs1_1=2.7586539396
xabs2_1=2.5865393968
attackOnU1_1=0.0
u1_1=0.0
uattacked1_1=0.0
attackOnY1_1=1.1142683877
y1_1=-1.9480871638
r1_1=-1.9480871638
r_1=1.9480871638
x1_2=-3.0173078793
x2_2=-2.5865393968
z1_2=-1.9289959096
z2_2=-1.9270478225
xabs1_2=3.0173078793
xabs2_2=2.5865393968
attackOnU1_2=0.0
u1_2=0.0
uattacked1_2=0.0
attackOnY1_2=-0.7681239916
y1_2=-1.9030394916
r1_2=0.025956418
r_2=0.025956418
x1_3=-3.275961819
x2_3=-2.5865393968
z1_3=-2.0959986467
z2_3=-1.9013717337
xabs1_3=3.275961819
xabs2_3=2.5865393968
attackOnU1_3=0.0
u1_3=0.0
uattacked1_3=0.0
attackOnY1_3=-2.628603135
y1_3=-4.0440858106
r1_3=-1.9480871638
r_3=1.9480871638
x1_4=-3.5346157587
x2_4=-2.5865393968
z1_4=-4.2151317298
z2_4=-3.8284195563
xabs1_4=3.5346157587
xabs2_4=2.5865393968
attackOnU1_4=0.0
u1_4=0.0
uattacked1_4=0.0
attackOnY1_4=-4.6817870606
y1_4=-6.1632188937
r1_4=-1.9480871638
r_4=1.9480871638
x1_5=-3.7932696984
x2_5=-2.5865393968
z1_5=-6.5269695951
z2_5=-5.7554673788
xabs1_5=3.7932696984
xabs2_5=2.5865393968
attackOnU1_5=0.0
u1_5=137.217235397
uattacked1_5=137.217235397
attackOnY1_5=-3.0315014407
y1_5=-8.475056759
r1_5=-1.9480871638
r_5=1.9480871638
x1_6=-3.3658374611
x2_6=11.1351841428
z1_6=-8.3454260657
z2_6=6.0392083383
xabs1_6=3.3658374611
xabs2_6=11.1351841428
attackOnU1_6=0.0
u1_6=99.5836434662
uattacked1_6=99.5836434662
attackOnY1_6=-1.6121031114
y1_6=-6.3973389018
r1_6=1.9480871638
r_6=1.9480871638
x1_7=-1.7544008295
x2_7=21.0935484894
z1_7=-5.3145911049
z2_7=17.9246205075
xabs1_7=1.7544008295
xabs2_7=21.0935484894
attackOnU1_7=0.0
u1_7=99.5836434662
uattacked1_7=99.5836434662
attackOnY1_7=0.0
y1_7=-3.366503941
r1_7=1.9480871638
r_7=1.9480871638
x1_8=0.8528722367
x2_8=31.0519128361
z1_8=-1.0952149271
z2_8=29.8100326766
xabs1_8=0.8528722367
xabs2_8=31.0519128361
attackOnU1_8=0.0
u1_8=99.5836434662
uattacked1_8=99.5836434662
attackOnY1_8=0.0
y1_8=0.8528722367
r1_8=1.9480871638
r_8=1.9480871638
x1_9=4.4559817376
x2_9=41.0102771827
z1_9=4.3127024675
z2_9=41.6954448458
xabs1_9=4.4559817376
xabs2_9=41.0102771827
attackOnU1_9=0.0
u1_9=-305.221430901
uattacked1_9=-305.221430901
attackOnY1_9=0.0
y1_9=4.4559817376
r1_9=0.1432792701
r_9=0.1432792701
x1_10=7.0309023014
x2_10=10.4881340926
z1_10=7.0980149309
z2_10=11.3150336097
xabs1_10=7.0309023014
xabs2_10=10.4881340926
attackOnU1_10=0.0
u1_10=-177.850582251
uattacked1_10=-177.850582251
attackOnY1_10=0.0
y1_10=7.0309023014
r1_10=-0.0671126294
r_10=0.0671126294
attack on control signal component 1
[0. 0. 0. 0. 0. 0. 0. 0. 0. 0. 0. 0.]
attack on sensor 1
[ 0.81056678  1.11426839 -0.76812399 -2.62860314 -4.68178706 -3.03150144
 -1.61210311  0.          0.          0.          0.          0.        ]
