sat
x1_0=-1.6844185347
x2_0=-3.0
z1_0=0.0
z2_0=0.0
xabs1_0=1.6844185347
xabs2_0=3.0
attackOnU1_0=0.0
u1_0=0.0
uattacked1_0=0.0
attackOnY1_0=0.0
y1_0=0.0
r1_0=0.0
r_0=0.0
x1_1=-1.9844185347
x2_1=-3.0
z1_1=0.0
z2_1=0.0
xabs1_1=1.9844185347
xabs2_1=3.0
attackOnU1_1=0.0
u1_1=0.0
uattacked1_1=0.0
attackOnY1_1=0.0
y1_1=-1.9844185347
r1_1=-1.9844185347
r_1=1.9844185347
x1_2=-2.2844185347
x2_2=-3.0
z1_2=-1.9649712331
z2_2=-1.9629868145
xabs1_2=2.2844185347
xabs2_2=3.0
attackOnU1_2=0.0
u1_2=0.0
uattacked1_2=0.0
attackOnY1_2=0.0
y1_2=-2.2844185347
r1_2=-0.3194473016
r_2=0.3194473016
x1_3=-2.5844185347
x2_3=-3.0
z1_3=-2.4775866326
z2_3=-2.2789840853
xabs1_3=2.5844185347
xabs2_3=3.0
attackOnU1_3=0.0
u1_3=0.0
uattacked1_3=0.0
attackOnY1_3=-0.2202515782
y1_3=-2.5844185347
r1_3=-0.106831902
r_3=0.106831902
x1_4=-2.8844185347
x2_4=-3.0
z1_4=-2.8112699906
z2_4=-2.3846622029
xabs1_4=2.8844185347
xabs2_4=3.0
attackOnU1_4=0.0
u1_4=0.0
uattacked1_4=0.0
attackOnY1_4=-2.1402610121
y1_4=-3.104670113
r1_4=-0.2934001223
r_4=0.2934001223
x1_5=-3.1844185347
x2_5=-3.0
z1_5=-3.3402610121
z2_5=-2.6748936039
xabs1_5=3.1844185347
xabs2_5=3.0
attackOnU1_5=0.0
u1_5=0.0
uattacked1_5=0.0
attackOnY1_5=-4.0727216056
y1_5=-5.3246795468
r1_5=-1.9844185347
r_5=1.9844185347
x1_6=-3.4844185347
x2_6=-3.0
z1_6=-5.5727216056
z2_6=-4.6378804185
xabs1_6=3.4844185347
xabs2_6=3.0
attackOnU1_6=0.0
u1_6=115.592448389
uattacked1_6=115.592448389
attackOnY1_6=-6.2014808806
y1_6=-7.5571401404
r1_6=-1.9844185347
r_6=1.9844185347
x1_7=-3.2064562928
x2_7=8.5592448388
z1_7=-7.4235186386
z2_7=4.9583776057
xabs1_7=3.2064562928
xabs2_7=8.5592448388
attackOnU1_7=0.0
u1_7=90.9251628028
uattacked1_7=90.9251628028
attackOnY1_7=-4.5577017675
y1_7=-9.4079371734
r1_7=-1.9844185347
r_7=1.9844185347
x1_8=-1.8959059949
x2_8=17.6517611191
z1_8=-8.4380262972
z2_8=12.0879070714
xabs1_8=1.8959059949
xabs2_8=17.6517611191
attackOnU1_8=0.0
u1_8=66.8191017302
uattacked1_8=66.8191017302
attackOnY1_8=-3.1491159391
y1_8=-6.4536077624
r1_8=1.9844185347
r_8=1.9844185347
x1_9=0.2033656256
x2_9=24.3336712922
z1_9=-4.9301688483
z2_9=20.732804059
xabs1_9=0.2033656256
xabs2_9=24.3336712922
attackOnU1_9=0.0
u1_9=66.8191017302
uattacked1_9=66.8191017302
attackOnY1_9=-1.5442314293
y1_9=-2.9457503135
r1_9=1.9844185347
r_9=1.9844185347
x1_10=2.9708282635
x2_10=31.0155814652
z1_10=-0.5578217006
z2_10=29.3777010466
xabs1_10=2.9708282635
xabs2_10=31.0155814652
attackOnU1_10=0.0
u1_10=-157.400425441
uattacked1_10=-157.400425441
attackOnY1_10=0.0
y1_10=1.4265968341
r1_10=1.9844185347
r_10=1.9844185347
x1_11=5.2853842828
x2_11=15.2755389211
z1_11=3.5579175099
z2_11=15.6006453171
xabs1_11=5.2853842828
xabs2_11=15.2755389211
attackOnU1_11=0.0
u1_11=-145.368103183
uattacked1_11=-145.368103183
attackOnY1_11=0.0
y1_11=5.2853842828
r1_11=1.7274667728
r_11=1.7274667728
x1_12=6.086097659
x2_12=0.7387286028
z1_12=6.1016791242
z2_12=2.7726451305
xabs1_12=6.086097659
xabs2_12=0.7387286028
attackOnU1_12=0.0
u1_12=-145.368103183
uattacked1_12=-145.368103183
attackOnY1_12=0.0
y1_12=6.086097659
r1_12=-0.0155814652
r_12=0.0155814652
x1_13=5.4331300034
x2_13=-13.7980817154
z1_13=5.6366743545
z2_13=-11.7795783731
xabs1_13=5.4331300034
xabs2_13=13.7980817154
attackOnU1_13=0.0
u1_13=-145.368103183
uattacked1_13=-145.368103183
attackOnY1_13=0.0
y1_13=5.4331300034
r1_13=-0.2035443511
r_13=0.2035443511
attack on control signal component 1
[0. 0. 0. 0. 0. 0. 0. 0. 0. 0. 0. 0. 0. 0. 0.]
attack on sensor 1
[ 0.          0.          0.         -0.22025158 -2.14026101 -4.07272161
 -6.20148088 -4.55770177 -3.14911594 -1.54423143  0.          0.
  0.          0.          0.        ]
