sat
x1_0=2.5
x2_0=2.9720605092
z1_0=0.0
z2_0=0.0
xabs1_0=2.5
xabs2_0=2.9720605092
attackOnU1_0=0.0
u1_0=0.0
uattacked1_0=0.0
attackOnY1_0=-4.6906651279
y1_0=0.0
r1_0=0.0
r_0=0.0
x1_1=2.7972060509
x2_1=2.9720605092
z1_1=0.0
z2_1=0.0
xabs1_1=2.7972060509
xabs2_1=2.9720605092
attackOnU1_1=0.0
u1_1=0.0
uattacked1_1=0.0
attackOnY1_1=-5.8056682816
y1_1=-1.893459077
r1_1=-1.893459077
r_1=1.893459077
x1_2=3.0944121018
x2_2=2.9720605092
z1_2=-1.874903178
z2_2=-1.873009719
xabs1_2=3.0944121018
xabs2_2=2.9720605092
attackOnU1_2=0.0
u1_2=40.6604285565
uattacked1_2=40.6604285565
attackOnY1_2=-4.5587310819
y1_2=-2.7112561798
r1_2=-0.8363530017
r_2=0.8363530017
x1_3=3.5949202955
x2_3=7.0381033648
z1_3=-2.6870587495
z2_3=1.3657127473
xabs1_3=3.5949202955
xabs2_3=7.0381033648
attackOnU1_3=0.0
u1_3=35.3411504483
uattacked1_3=35.3411504483
attackOnY1_3=-3.2493988967
y1_3=-0.9638107864
r1_3=1.723247963
r_3=1.723247963
x1_4=4.4754363842
x2_4=10.5722184096
z1_4=-0.6674215894
z2_4=6.6044646772
xabs1_4=4.4754363842
xabs2_4=10.5722184096
attackOnU1_4=0.0
u1_4=-26.6968983315
uattacked1_4=-26.6968983315
attackOnY1_4=-1.7712710918
y1_4=1.2260374875
r1_4=1.893459077
r_4=1.893459077
x1_5=5.3991737335
x2_5=7.9025285765
z1_5=1.7344435646
z2_5=5.8077845631
xabs1_5=5.3991737335
xabs2_5=7.9025285765
attackOnU1_5=0.0
u1_5=-26.6968983315
uattacked1_5=-26.6968983315
attackOnY1_5=-0.1058423151
y1_5=3.6279026417
r1_5=1.893459077
r_5=1.893459077
x1_6=6.0559420995
x2_6=5.2328387433
z1_6=4.0566407074
z2_6=5.0111044489
xabs1_6=6.0559420995
xabs2_6=5.2328387433
attackOnU1_6=0.0
u1_6=-26.6968983315
uattacked1_6=-26.6968983315
attackOnY1_6=1.7468874335
y1_6=5.9500997844
r1_6=1.893459077
r_6=1.893459077
x1_7=6.4457414822
x2_7=2.5631489102
z1_7=6.2991698387
z2_7=4.2144243348
xabs1_7=6.4457414822
xabs2_7=2.5631489102
attackOnU1_7=0.0
u1_7=-26.6968983315
uattacked1_7=-26.6968983315
attackOnY1_7=0.0
y1_7=8.1926289157
r1_7=1.893459077
r_7=1.893459077
x1_8=6.5685718816
x2_8=-0.1065409229
z1_8=8.4620309586
z2_8=3.4177442206
xabs1_8=6.5685718816
xabs2_8=0.1065409229
attackOnU1_8=0.0
u1_8=-155.0
uattacked1_8=-155.0
attackOnY1_8=0.0
y1_8=6.5685718816
r1_8=-1.893459077
r_8=1.893459077
x1_9=5.7829177893
x2_9=-15.6065409229
z1_9=6.1539022026
z2_9=-13.9552654983
xabs1_9=5.7829177893
xabs2_9=15.6065409229
attackOnU1_9=0.0
u1_9=-155.0
uattacked1_9=-155.0
attackOnY1_9=0.0
y1_9=5.7829177893
r1_9=-0.3709844133
r_9=0.3709844133
x1_10=3.447263697
x2_10=-31.1065409229
z1_10=3.6160268867
z2_10=-29.8222432799
xabs1_10=3.447263697
xabs2_10=31.1065409229
attackOnU1_10=0.0
u1_10=-155.0
uattacked1_10=-155.0
attackOnY1_10=0.0
y1_10=3.447263697
r1_10=-0.1687631897
r_10=0.1687631897
attack on control signal component 1
[0. 0. 0. 0. 0. 0. 0. 0. 0. 0. 0. 0.]
attack on sensor 1
[-4.69066513 -5.80566828 -4.55873108 -3.2493989  -1.77127109 -0.10584232
  1.74688743  0.          0.          0.          0.          0.        ]
