sat
x1_0=-0.0153672981
x2_0=-0.0193782115
z1_0=0.0
z2_0=0.0
xabs1_0=0.0153672981
xabs2_0=0.0193782115
attackOnU1_0=0.0
u1_0=0.0
uattacked1_0=0.0
attackOnY1_0=0.0
y1_0=0.0
r1_0=0.0
r_0=0.0
x1_1=-0.0192429404
x2_1=-0.0193782115
z1_1=0.0
z2_1=0.0
xabs1_1=0.0192429404
xabs2_1=0.0193782115
attackOnU1_1=0.0
u1_1=0.0
uattacked1_1=0.0
attackOnY1_1=0.0
y1_1=-0.0192429404
r1_1=-0.0192429404
r_1=0.0192429404
x1_2=-0.0231185827
x2_2=-0.0193782115
z1_2=-0.0162583603
z2_2=-0.024698314
xabs1_2=0.0231185827
xabs2_2=0.0193782115
attackOnU1_2=0.0
u1_2=0.0
uattacked1_2=0.0
attackOnY1_2=0.0
y1_2=-0.0231185827
r1_2=-0.0068602223
r_2=0.0068602223
x1_3=-0.026994225
x2_3=-0.0193782115
z1_3=-0.026994225
z2_3=-0.0335034094
xabs1_3=0.026994225
xabs2_3=0.0193782115
attackOnU1_3=0.0
u1_3=0.0
uattacked1_3=0.0
attackOnY1_3=0.0
y1_3=-0.026994225
r1_3=0.0
r_3=0.0
x1_4=-0.0308698673
x2_4=-0.0193782115
z1_4=-0.0336949069
z2_4=-0.0335034094
xabs1_4=0.0308698673
xabs2_4=0.0193782115
attackOnU1_4=0.0
u1_4=0.0
uattacked1_4=0.0
attackOnY1_4=0.0
y1_4=-0.0308698673
r1_4=0.0028250395
r_4=0.0028250395
x1_5=-0.0347455097
x2_5=-0.0193782115
z1_5=-0.0380087129
z2_5=-0.0298774711
xabs1_5=0.0347455097
xabs2_5=0.0193782115
attackOnU1_5=0.0
u1_5=0.0
uattacked1_5=0.0
attackOnY1_5=0.0
y1_5=-0.0347455097
r1_5=0.0032632032
r_5=0.0032632032
x1_6=-0.038621152
x2_6=-0.0193782115
z1_6=-0.0412271267
z2_6=-0.0256891498
xabs1_6=0.038621152
xabs2_6=0.0193782115
attackOnU1_6=0.0
u1_6=1.1169988733
uattacked1_6=1.1169988733
attackOnY1_6=0.0
y1_6=-0.038621152
r1_6=0.0026059747
r_6=0.0026059747
x1_7=-0.0201568168
x2_7=0.204021563
z1_7=-0.0218231912
z2_7=0.2010553933
xabs1_7=0.0201568168
xabs2_7=0.204021563
attackOnU1_7=-57.7405561019
u1_7=1.1169988733
uattacked1_7=1.1169988733
attackOnY1_7=-0.0041844372
y1_7=-0.0201568168
r1_7=0.0016663743
r_7=0.0016663743
x1_8=0.0429874731
x2_8=0.4274213377
z1_8=0.0421357845
z2_8=0.4265939595
xabs1_8=0.0429874731
xabs2_8=0.4274213377
attackOnU1_8=113.7561077157
u1_8=-3.8496683681
uattacked1_8=-61.5902244701
attackOnY1_8=1.1476453697
y1_8=0.0388030359
r1_8=-0.0033327486
r_8=0.0033327486
x1_9=-1.1033327486
x2_9=-11.8906235562
z1_9=0.0476453697
z2_9=-0.347617297
xabs1_9=1.1033327486
xabs2_9=11.8906235562
attackOnU1_9=-57.3476804358
u1_9=1.261353558
uattacked1_9=115.0174612738
attackOnY1_9=1.1349741252
y1_9=0.0443126211
r1_9=-0.0033327486
r_9=0.0033327486
x1_10=-1.1811082344
x2_10=11.1128686984
z1_10=0.0005331421
z2_10=-0.0996241683
xabs1_10=1.1811082344
xabs2_10=11.1128686984
attackOnU1_10=0.0
u1_10=0.661700071
uattacked1_10=-56.6859803647
attackOnY1_10=0.0
y1_10=-0.0461341091
r1_10=-0.0466672513
r_10=0.0466672513
x1_11=-0.092254102
x2_11=-0.2243273744
z1_11=-0.0455868507
z2_11=-0.0271815712
xabs1_11=0.092254102
xabs2_11=0.2243273744
attackOnU1_11=0.0
u1_11=1.2268394606
uattacked1_11=1.2268394606
attackOnY1_11=0.0
y1_11=-0.092254102
r1_11=-0.0466672513
r_11=0.0466672513
x1_12=-0.1125827877
x2_12=0.0210405176
z1_12=-0.0659155364
z2_12=0.1582889038
xabs1_12=0.1125827877
xabs2_12=0.0210405176
attackOnU1_12=0.0
u1_12=1.2268394606
uattacked1_12=1.2268394606
attackOnY1_12=0.0
y1_12=-0.1125827877
r1_12=-0.0466672513
r_12=0.0466672513
x1_13=-0.0838378949
x2_13=0.2664084097
z1_13=-0.049150127
z2_13=0.3437593788
xabs1_13=0.0838378949
xabs2_13=0.2664084097
attackOnU1_13=0.0
u1_13=1.2268394606
uattacked1_13=1.2268394606
attackOnY1_13=0.0
y1_13=-0.0838378949
r1_13=-0.0346877679
r_13=0.0346877679
attack on control signal component 1
[  0.           0.           0.           0.           0.
   0.           0.         -57.7405561  113.75610772 -57.34768044
   0.           0.           0.           0.           0.        ]
attack on sensor 1
[ 0.          0.          0.          0.          0.          0.
  0.         -0.00418444  1.14764537  1.13497413  0.          0.
  0.          0.          0.        ]
