sat
x1_0=-0.8283458573
x2_0=0.0209876254
z1_0=0.0
z2_0=0.0
xabs1_0=0.8283458573
xabs2_0=0.0209876254
attackOnU1_0=0.0
u1_0=0.0
uattacked1_0=0.0
attackOnY1_0=-1.1317776543
y1_0=0.0
r1_0=0.0
r_0=0.0
x1_1=-0.8262470948
x2_1=0.0209876254
z1_1=0.0
z2_1=0.0
xabs1_1=0.8262470948
xabs2_1=0.0209876254
attackOnU1_1=0.0
u1_1=0.0
uattacked1_1=0.0
attackOnY1_1=-3.0727125234
y1_1=-1.9580247491
r1_1=-1.9580247491
r_1=1.9580247491
x1_2=-0.8241483322
x2_2=0.0209876254
z1_2=-1.9388361066
z2_2=-1.9368780818
xabs1_2=0.8241483322
xabs2_2=0.0209876254
attackOnU1_2=0.0
u1_2=42.0469216311
uattacked1_2=42.0469216311
attackOnY1_2=-3.2283228262
y1_2=-3.8968608557
r1_2=-1.9580247491
r_2=1.9580247491
x1_3=-0.6118149615
x2_3=4.2256797885
z1_3=-3.8611254132
z2_3=0.3309359994
xabs1_3=0.6118149615
xabs2_3=4.2256797885
attackOnU1_3=0.0
u1_3=42.0469216311
uattacked1_3=42.0469216311
attackOnY1_3=-1.6599781347
y1_3=-3.8401377878
r1_3=0.0209876254
r_3=0.0209876254
x1_4=0.0209876254
x2_4=8.4303719516
z1_4=-3.5970152584
z2_4=4.5563891215
xabs1_4=0.0209876254
xabs2_4=8.4303719516
attackOnU1_4=0.0
u1_4=31.8616875115
uattacked1_4=31.8616875115
attackOnY1_4=-1.5626159388
y1_4=-1.6389905092
r1_4=1.9580247491
r_4=1.9580247491
x1_5=1.0233332581
x2_5=11.6165407028
z1_5=-1.0432318021
z2_5=9.6794359545
xabs1_5=1.0233332581
xabs2_5=11.6165407028
attackOnU1_5=0.0
u1_5=31.8616875115
uattacked1_5=31.8616875115
attackOnY1_5=0.196759634
y1_5=-0.5392826807
r1_5=0.5039491214
r_5=0.5039491214
x1_6=2.3442957659
x2_6=14.8027094539
z1_6=0.5830306509
z2_6=13.3641111766
xabs1_6=2.3442957659
xabs2_6=14.8027094539
attackOnU1_6=0.0
u1_6=31.8616875115
uattacked1_6=31.8616875115
attackOnY1_6=-0.008264087
y1_6=2.5410554
r1_6=1.9580247491
r_6=1.9580247491
x1_7=3.9838751489
x2_7=17.9888782051
z1_7=4.0175863127
z2_7=18.4871580096
xabs1_7=3.9838751489
xabs2_7=17.9888782051
attackOnU1_7=0.0
u1_7=-169.080698193
uattacked1_7=-169.080698193
attackOnY1_7=0.0
y1_7=3.9756110618
r1_7=-0.0419752508
r_7=0.0419752508
x1_8=4.9373594784
x2_8=1.0808083858
z1_8=4.9793347293
z2_8=1.5375662722
xabs1_8=4.9373594784
xabs2_8=1.0808083858
attackOnU1_8=0.0
u1_8=-169.080698193
uattacked1_8=-169.080698193
attackOnY1_8=0.0
y1_8=4.9373594784
r1_8=-0.0419752508
r_8=0.0419752508
x1_9=4.2000368261
x2_9=-15.8272614334
z1_9=4.2461239722
z2_9=-15.4120254652
xabs1_9=4.2000368261
xabs2_9=15.8272614334
attackOnU1_9=0.0
u1_9=-169.080698193
uattacked1_9=-169.080698193
attackOnY1_9=0.0
y1_9=4.2000368261
r1_9=-0.046087146
r_9=0.046087146
x1_10=1.7719071917
x2_10=-32.7353312527
z1_10=1.8138824426
z2_10=-32.3656846894
xabs1_10=1.7719071917
xabs2_10=32.7353312527
attackOnU1_10=0.0
u1_10=-169.080698193
uattacked1_10=-169.080698193
attackOnY1_10=0.0
y1_10=1.7719071917
r1_10=-0.0419752508
r_10=0.0419752508
attack on control signal component 1
[0. 0. 0. 0. 0. 0. 0. 0. 0. 0. 0. 0.]
attack on sensor 1
[-1.13177765 -3.07271252 -3.22832283 -1.65997813 -1.56261594  0.19675963
 -0.00826409  0.          0.          0.          0.          0.        ]
