sat
x1_0=-0.0131478438
x2_0=0.0493044145
z1_0=0.0
z2_0=0.0
xabs1_0=0.0131478438
xabs2_0=0.0493044145
attackOnU1_0=0.0
u1_0=0.0
uattacked1_0=0.0
attackOnY1_0=-1.9884956366
y1_0=0.0
r1_0=0.0
r_0=0.0
x1_1=-0.0082174024
x2_1=0.0493044145
z1_1=0.0
z2_1=0.0
xabs1_1=0.0082174024
xabs2_1=0.0493044145
attackOnU1_1=0.0
u1_1=0.0
uattacked1_1=0.0
attackOnY1_1=-0.4272098353
y1_1=-1.996713039
r1_1=-1.996713039
r_1=1.996713039
x1_2=-0.0032869609
x2_2=0.0493044145
z1_2=-1.9771452512
z2_2=-1.9751485382
xabs1_2=0.0032869609
xabs2_2=0.0493044145
attackOnU1_2=0.0
u1_2=0.0
uattacked1_2=0.0
attackOnY1_2=-2.6415253244
y1_2=-0.4304967962
r1_2=1.5466484549
r_2=1.5466484549
x1_3=0.0016434804
x2_3=0.0493044145
z1_3=-0.6431688049
z2_3=-0.4452038865
xabs1_3=0.0016434804
xabs2_3=0.0493044145
attackOnU1_3=0.0
u1_3=0.0
uattacked1_3=0.0
attackOnY1_3=-4.6681214058
y1_3=-2.639881844
r1_3=-1.996713039
r_3=1.996713039
x1_4=0.0065739219
x2_4=0.0493044145
z1_4=-2.6648344448
z2_4=-2.4203524247
xabs1_4=0.0065739219
xabs2_4=0.0493044145
attackOnU1_4=0.0
u1_4=0.0
uattacked1_4=0.0
attackOnY1_4=-2.8988062629
y1_4=-4.6615474839
r1_4=-1.996713039
r_4=1.996713039
x1_5=0.0115043633
x2_5=0.0493044145
z1_5=-4.8840149386
z2_5=-4.3955009629
xabs1_5=0.0115043633
xabs2_5=0.0493044145
attackOnU1_5=0.0
u1_5=103.179941821
uattacked1_5=103.179941821
attackOnY1_5=-2.7135610582
y1_5=-2.8873018995
r1_5=1.996713039
r_5=1.996713039
x1_6=0.5323345139
x2_6=10.3672985966
z1_6=-2.8305200745
z2_6=7.8976417573
xabs1_6=0.5323345139
xabs2_6=10.3672985966
attackOnU1_6=0.0
u1_6=103.179941821
uattacked1_6=103.179941821
attackOnY1_6=-0.9701767797
y1_6=-2.1812265443
r1_6=0.6492935302
r_6=0.6492935302
x1_7=2.0849640827
x2_7=20.6852927788
z1_7=-0.881925736
z2_7=18.8579170996
xabs1_7=2.0849640827
xabs2_7=20.6852927788
attackOnU1_7=0.0
u1_7=103.179941821
uattacked1_7=103.179941821
attackOnY1_7=0.0
y1_7=1.1147873029
r1_7=1.996713039
r_7=1.996713039
x1_8=4.6693930697
x2_8=31.0032869609
z1_8=3.4969109342
z2_8=31.1510598199
xabs1_8=4.6693930697
xabs2_8=31.0032869609
attackOnU1_8=0.0
u1_8=-232.439712571
uattacked1_8=-232.439712571
attackOnY1_8=0.0
y1_8=4.6693930697
r1_8=1.1724821354
r_8=1.1724821354
x1_9=6.6075232029
x2_9=7.7593157038
z1_9=6.6108101639
z2_9=9.0669078912
xabs1_9=6.6075232029
xabs2_9=7.7593157038
attackOnU1_9=0.0
u1_9=-157.311254952
uattacked1_9=-157.311254952
attackOnY1_9=0.0
y1_9=6.6075232029
r1_9=-0.0032869609
r_9=0.0032869609
x1_10=6.5968984985
x2_10=-7.9718097913
z1_10=6.7276899295
z2_10=-6.6674690657
xabs1_10=6.5968984985
xabs2_10=7.9718097913
attackOnU1_10=0.0
u1_10=-70.0936717648
uattacked1_10=-70.0936717648
attackOnY1_10=0.0
y1_10=6.5968984985
r1_10=-0.1307914309
r_10=0.1307914309
attack on control signal component 1
[0. 0. 0. 0. 0. 0. 0. 0. 0. 0. 0. 0.]
attack on sensor 1
[-1.98849564 -0.42720984 -2.64152532 -4.66812141 -2.89880626 -2.71356106
 -0.97017678  0.          0.          0.          0.          0.        ]
