sat
x1_0=-2.3787222604
x2_0=0.058586796
z1_0=0.0
z2_0=0.0
xabs1_0=2.3787222604
xabs2_0=0.058586796
attackOnU1_0=0.0
u1_0=0.0
uattacked1_0=0.0
attackOnY1_0=4.2556899888
y1_0=0.0
r1_0=0.0
r_0=0.0
x1_1=-2.3728635808
x2_1=0.058586796
z1_1=0.0
z2_1=0.0
xabs1_1=2.3728635808
xabs2_1=0.058586796
attackOnU1_1=0.0
u1_1=0.0
uattacked1_1=0.0
attackOnY1_1=2.9329682191
y1_1=1.8828264079
r1_1=1.8828264079
r_1=1.8828264079
x1_2=-2.3670049012
x2_2=0.058586796
z1_2=1.8643747091
z2_2=1.8624918827
xabs1_2=2.3670049012
xabs2_2=0.058586796
attackOnU1_2=0.0
u1_2=-40.4321010014
uattacked1_2=-40.4321010014
attackOnY1_2=3.1846699555
y1_2=0.5659633179
r1_2=-1.2984113912
r_2=1.2984113912
x1_3=-2.5633067266
x2_3=-3.9846233041
z1_3=0.5627764328
z2_3=-3.4651067655
xabs1_3=2.5633067266
xabs2_3=3.9846233041
attackOnU1_3=0.0
u1_3=-40.4321010014
uattacked1_3=-40.4321010014
attackOnY1_3=1.3532210508
y1_3=0.6213632288
r1_3=0.058586796
r_3=0.058586796
x1_4=-3.163929562
x2_4=-8.0278334042
z1_4=0.0721178966
z2_4=-7.4503628071
xabs1_4=3.163929562
xabs2_4=8.0278334042
attackOnU1_4=0.0
u1_4=-40.4321010014
uattacked1_4=-40.4321010014
attackOnY1_4=-0.4534065986
y1_4=-1.8107085112
r1_4=-1.8828264079
r_4=1.8828264079
x1_5=-4.1688734075
x2_5=-12.0710435044
z1_5=-2.7394535981
z2_5=-13.35606479
xabs1_5=4.1688734075
xabs2_5=12.0710435044
attackOnU1_5=0.0
u1_5=119.538699124
uattacked1_5=119.538699124
attackOnY1_5=-0.6806306204
y1_5=-4.6222800061
r1_5=-1.8828264079
r_5=1.8828264079
x1_6=-4.7782842623
x2_6=-0.117173592
z1_6=-5.3417412907
z2_6=-3.2646867603
xabs1_6=4.7782842623
xabs2_6=0.117173592
attackOnU1_6=0.0
u1_6=104.114490613
uattacked1_6=104.114490613
attackOnY1_6=0.4577451123
y1_6=-5.4589148827
r1_6=-0.117173592
r_6=0.117173592
x1_7=-4.2694291684
x2_7=10.2942754693
z1_7=-5.2636628045
z2_7=7.0308541837
xabs1_7=4.2694291684
xabs2_7=10.2942754693
attackOnU1_7=0.0
u1_7=104.114490613
uattacked1_7=104.114490613
attackOnY1_7=0.0
y1_7=-3.8116840561
r1_7=1.4519787483
r_7=1.4519787483
x1_8=-2.7194291684
x2_8=20.7057245306
z1_8=-2.6022555764
z2_8=18.8786006229
xabs1_8=2.7194291684
xabs2_8=20.7057245306
attackOnU1_8=0.0
u1_8=104.114490613
uattacked1_8=104.114490613
attackOnY1_8=0.0
y1_8=-2.7194291684
r1_8=-0.117173592
r_8=0.117173592
x1_9=-0.1282842623
x2_9=31.117173592
z1_9=-0.3098483519
z2_9=29.1741415671
xabs1_9=0.1282842623
xabs2_9=31.117173592
attackOnU1_9=0.0
u1_9=-160.22289333
uattacked1_9=-160.22289333
attackOnY1_9=0.0
y1_9=-0.1282842623
r1_9=0.1815640895
r_9=0.1815640895
x1_10=2.1823186302
x2_10=15.0948842589
z1_10=1.9862360996
z2_10=13.3314554314
xabs1_10=2.1823186302
xabs2_10=15.0948842589
attackOnU1_10=0.0
u1_10=-107.325128868
uattacked1_10=-107.325128868
attackOnY1_10=0.0
y1_10=2.1823186302
r1_10=0.1960825305
r_10=0.1960825305
attack on control signal component 1
[0. 0. 0. 0. 0. 0. 0. 0. 0. 0. 0. 0.]
attack on sensor 1
[ 4.25568999  2.93296822  3.18466996  1.35322105 -0.4534066  -0.68063062
  0.45774511  0.          0.          0.          0.          0.        ]
