sat
x1_0=-2.5
x2_0=3.0
z1_0=0.0
z2_0=0.0
xabs1_0=2.5
xabs2_0=3.0
attackOnU1_0=0.0
u1_0=0.0
uattacked1_0=0.0
attackOnY1_0=3.5913031368
y1_0=0.0
r1_0=0.0
r_0=0.0
x1_1=-2.2
x2_1=3.0
z1_1=0.0
z2_1=0.0
xabs1_1=2.2
xabs2_1=3.0
attackOnU1_1=0.0
u1_1=0.0
uattacked1_1=0.0
attackOnY1_1=4.1131126576
y1_1=1.3913031368
r1_1=1.3913031368
r_1=1.3913031368
x1_2=-1.9
x2_2=3.0
z1_2=1.377668366
z2_2=1.3762770629
xabs1_2=1.9
xabs2_2=3.0
attackOnU1_2=0.0
u1_2=-29.8770554273
uattacked1_2=-29.8770554273
attackOnY1_2=1.9671419244
y1_2=2.2131126576
r1_2=0.8354442915
r_2=0.8354442915
x1_3=-1.7493852771
x2_3=0.0122944572
z1_3=2.1931677327
z2_3=-0.7850069865
xabs1_3=1.7493852771
xabs2_3=0.0122944572
attackOnU1_3=0.0
u1_3=-30.71205083
uattacked1_3=-30.71205083
attackOnY1_3=-0.0686402768
y1_3=0.2177566472
r1_3=-1.9754110854
r_3=1.9754110854
x1_4=-1.9017160855
x2_4=-3.0589106257
z1_4=0.0050547231
z2_4=-5.8102887153
xabs1_4=1.9017160855
xabs2_4=3.0589106257
attackOnU1_4=0.0
u1_4=32.8179885415
uattacked1_4=32.8179885415
attackOnY1_4=-2.2998301425
y1_4=-1.9703563623
r1_4=-1.9754110854
r_4=1.9754110854
x1_5=-2.0435172054
x2_5=0.2228882284
z1_5=-2.3679362625
z2_5=-4.4825665069
xabs1_5=2.0435172054
xabs2_5=0.2228882284
attackOnU1_5=0.0
u1_5=32.8179885415
uattacked1_5=32.8179885415
attackOnY1_5=-0.775605502
y1_5=-4.343347348
r1_5=-1.9754110854
r_5=1.9754110854
x1_6=-1.8571384398
x2_6=3.5046870825
z1_6=-4.6081550273
z2_6=-3.1548442984
xabs1_6=1.8571384398
xabs2_6=3.5046870825
attackOnU1_6=0.0
u1_6=91.7330061065
uattacked1_6=91.7330061065
attackOnY1_6=0.5144934167
y1_6=-2.6327439418
r1_6=1.9754110854
r_6=1.9754110854
x1_7=-1.048004701
x2_7=12.6779876932
z1_7=-2.5089223698
z2_7=7.9725329579
xabs1_7=1.048004701
xabs2_7=12.6779876932
attackOnU1_7=0.0
u1_7=91.7330061065
uattacked1_7=91.7330061065
attackOnY1_7=0.0
y1_7=-0.5335112843
r1_7=1.9754110854
r_7=1.9754110854
x1_8=0.6784590987
x2_8=21.8512883038
z1_8=0.7030480133
z2_8=19.0999102142
xabs1_8=0.6784590987
xabs2_8=21.8512883038
attackOnU1_8=0.0
u1_8=91.7330061065
uattacked1_8=91.7330061065
attackOnY1_8=0.0
y1_8=0.6784590987
r1_8=-0.0245889145
r_8=0.0245889145
x1_9=3.3222529596
x2_9=31.0245889145
z1_9=3.047356122
z2_9=28.2488874706
xabs1_9=3.3222529596
xabs2_9=31.0245889145
attackOnU1_9=0.0
u1_9=-208.800578745
uattacked1_9=-208.800578745
attackOnY1_9=0.0
y1_9=3.3222529596
r1_9=0.2748968375
r_9=0.2748968375
x1_10=5.3807089574
x2_10=10.14453104
z1_10=5.100444824
z2_10=7.6407575479
xabs1_10=5.3807089574
xabs2_10=10.14453104
attackOnU1_10=0.0
u1_10=-125.024648006
uattacked1_10=-125.024648006
attackOnY1_10=0.0
y1_10=5.3807089574
r1_10=0.2802641333
r_10=0.2802641333
attack on control signal component 1
[0. 0. 0. 0. 0. 0. 0. 0. 0. 0. 0. 0.]
attack on sensor 1
[ 3.59130314  4.11311266  1.96714192 -0.06864028 -2.29983014 -0.7756055
  0.51449342  0.          0.          0.          0.          0.        ]
