sat
x1_0=2.5
x2_0=-2.9319061051
z1_0=0.0
z2_0=0.0
xabs1_0=2.5
xabs2_0=2.9319061051
attackOnU1_0=0.0
u1_0=0.0
uattacked1_0=0.0
attackOnY1_0=-3.5071485362
y1_0=0.0
r1_0=0.0
r_0=0.0
x1_1=2.2068093894
x2_1=-2.9319061051
z1_1=0.0
z2_1=0.0
xabs1_1=2.2068093894
xabs2_1=2.9319061051
attackOnU1_1=0.0
u1_1=0.0
uattacked1_1=0.0
attackOnY1_1=-3.2294084602
y1_1=-1.3003391467
r1_1=-1.3003391467
r_1=1.3003391467
x1_2=1.9136187789
x2_2=-2.9319061051
z1_2=-1.2875958231
z2_2=-1.286295484
xabs1_2=1.9136187789
xabs2_2=2.9319061051
attackOnU1_2=0.0
u1_2=27.923680854
uattacked1_2=27.923680854
attackOnY1_2=-1.0927649565
y1_2=-1.3157896813
r1_2=-0.0281938581
r_2=0.0281938581
x1_3=1.7600465727
x2_3=-0.1395380197
z1_3=-1.3045245256
z2_3=1.4781832368
xabs1_3=1.7600465727
xabs2_3=0.1395380197
attackOnU1_3=0.0
u1_3=27.923680854
uattacked1_3=27.923680854
attackOnY1_3=1.0214896107
y1_3=0.6672816162
r1_3=1.9718061418
r_3=1.9718061418
x1_4=1.885711175
x2_4=2.6528300656
z1_4=0.9353946439
z2_4=6.2210619578
xabs1_4=1.885711175
xabs2_4=2.6528300656
attackOnU1_4=0.0
u1_4=-50.2194602393
uattacked1_4=-50.2194602393
attackOnY1_4=3.3307952416
y1_4=2.9072007858
r1_4=1.9718061418
r_4=1.9718061418
x1_5=1.8998968804
x2_5=-2.3691159582
z1_5=3.2588859802
z2_5=3.1496265693
xabs1_5=1.8998968804
xabs2_5=2.3691159582
attackOnU1_5=0.0
u1_5=-70.0744096011
uattacked1_5=-70.0744096011
attackOnY1_5=2.547689261
y1_5=5.230692122
r1_5=1.9718061418
r_5=1.9718061418
x1_6=1.3126132365
x2_6=-9.3765569183
z1_6=5.1759590307
z2_6=-1.9073037552
xabs1_6=1.3126132365
xabs2_6=9.3765569183
attackOnU1_6=0.0
u1_6=-72.1721231326
uattacked1_6=-72.1721231326
attackOnY1_6=1.3357018695
y1_6=3.8603024976
r1_6=-1.3156565331
r_6=1.3156565331
x1_7=0.014096929
x2_7=-16.5937692316
z1_7=3.3216049405
z2_7=-10.425963511
xabs1_7=0.014096929
xabs2_7=16.5937692316
attackOnU1_7=0.0
u1_7=-72.1721231326
uattacked1_7=-72.1721231326
attackOnY1_7=0.0
y1_7=1.3497987986
r1_7=-1.9718061418
r_7=1.9718061418
x1_8=-2.0061406097
x2_8=-23.8109815448
z1_8=-0.0343344679
z2_8=-19.5936864598
xabs1_8=2.0061406097
xabs2_8=23.8109815448
attackOnU1_8=0.0
u1_8=-72.1721231326
uattacked1_8=-72.1721231326
attackOnY1_8=0.0
y1_8=-2.0061406097
r1_8=-1.9718061418
r_8=1.9718061418
x1_9=-4.7480993798
x2_9=-31.0281938581
z1_9=-4.3070461712
z2_9=-28.7614094085
xabs1_9=4.7480993798
xabs2_9=31.0281938581
attackOnU1_9=0.0
u1_9=231.895663887
uattacked1_9=231.895663887
attackOnY1_9=0.0
y1_9=-4.7480993798
r1_9=-0.4410532086
r_9=0.4410532086
x1_10=-6.6914404462
x2_10=-7.8386274694
z1_10=-6.4604396798
z2_10=-6.0081328539
xabs1_10=6.6914404462
xabs2_10=7.8386274694
attackOnU1_10=0.0
u1_10=137.581390002
uattacked1_10=137.581390002
attackOnY1_10=0.0
y1_10=-6.6914404462
r1_10=-0.2310007664
r_10=0.2310007664
attack on control signal component 1
[0. 0. 0. 0. 0. 0. 0. 0. 0. 0. 0. 0.]
attack on sensor 1
[-3.50714854 -3.22940846 -1.09276496  1.02148961  3.33079524  2.54768926
  1.33570187  0.          0.          0.          0.          0.        ]
