sat
x1_0=-0.0024398677
x2_0=-0.0500433886
z1_0=0.0
z2_0=0.0
xabs1_0=0.0024398677
xabs2_0=0.0500433886
attackOnU1_0=0.0
u1_0=0.0
uattacked1_0=0.0
attackOnY1_0=0.0
y1_0=0.0
r1_0=0.0
r_0=0.0
x1_1=-0.0124485454
x2_1=-0.0500433886
z1_1=0.0
z2_1=0.0
xabs1_1=0.0124485454
xabs2_1=0.0500433886
attackOnU1_1=0.0
u1_1=0.0
uattacked1_1=0.0
attackOnY1_1=0.0
y1_1=-0.0124485454
r1_1=-0.0124485454
r_1=0.0124485454
x1_2=-0.0224572231
x2_2=-0.0500433886
z1_2=-0.010517776
z2_2=-0.015977708
xabs1_2=0.0224572231
xabs2_2=0.0500433886
attackOnU1_2=0.0
u1_2=0.0
uattacked1_2=0.0
attackOnY1_2=0.0
y1_2=-0.0224572231
r1_2=-0.0119394471
r_2=0.0119394471
x1_3=-0.0324659008
x2_3=-0.0500433886
z1_3=-0.0238009565
z2_3=-0.0313019884
xabs1_3=0.0324659008
xabs2_3=0.0500433886
attackOnU1_3=0.0
u1_3=0.0
uattacked1_3=0.0
attackOnY1_3=0.0
y1_3=-0.0324659008
r1_3=-0.0086649443
r_3=0.0086649443
x1_4=-0.0424745786
x2_4=-0.0500433886
z1_4=-0.0373823657
z2_4=-0.0424234445
xabs1_4=0.0424745786
xabs2_4=0.0500433886
attackOnU1_4=0.0
u1_4=0.0
uattacked1_4=0.0
attackOnY1_4=0.0
y1_4=-0.0424745786
r1_4=-0.0050922129
r_4=0.0050922129
x1_5=-0.0524832563
x2_5=-0.0500433886
z1_5=-0.0501694653
z2_5=-0.0489592998
xabs1_5=0.0524832563
xabs2_5=0.0500433886
attackOnU1_5=0.0
u1_5=1.4789974504
uattacked1_5=1.4789974504
attackOnY1_5=0.0
y1_5=-0.0524832563
r1_5=-0.002313791
r_5=0.002313791
x1_6=-0.032911985
x2_6=0.2457561014
z1_6=-0.0323362983
z2_6=0.2438704394
xabs1_6=0.032911985
xabs2_6=0.2457561014
attackOnU1_6=0.0
u1_6=1.4789974504
uattacked1_6=1.4789974504
attackOnY1_6=0.0
y1_6=-0.032911985
r1_6=-0.0005756867
r_6=0.0005756867
x1_7=0.0458191842
x2_7=0.5415555915
z1_7=0.0455313408
z2_7=0.5389310356
xabs1_7=0.0458191842
xabs2_7=0.5415555915
attackOnU1_7=56.1550926333
u1_7=1.4789974504
uattacked1_7=1.4789974504
attackOnY1_7=-0.0499938689
y1_7=0.0458191842
r1_7=0.0002878433
r_7=0.0002878433
x1_8=0.1837102515
x2_8=0.8373550816
z1_8=0.1831406958
z2_8=0.8350999726
xabs1_8=0.1837102515
xabs2_8=0.8373550816
attackOnU1_8=-115.389483965
u1_8=-9.8389896077
uattacked1_8=46.3161030255
attackOnY1_8=-1.2153053456
y1_8=0.1337163826
r1_8=-0.0494243132
r_8=0.0494243132
x1_9=1.2775033283
x2_9=10.1005756867
z1_9=0.1116222959
z2_9=-1.1961340549
xabs1_9=1.2775033283
xabs2_9=10.1005756867
attackOnU1_9=58.4631048481
u1_9=5.5373450156
uattacked1_9=-109.8521389494
attackOnY1_9=-1.1763779631
y1_9=0.0621979827
r1_9=-0.0494243132
r_9=0.0494243132
x1_10=1.1005756867
x2_10=-11.8698521031
z1_10=-0.0586162169
z2_10=-0.1521011578
xabs1_10=1.1005756867
xabs2_10=11.8698521031
attackOnU1_10=0.0
u1_10=2.3699417762
uattacked1_10=60.8330466243
attackOnY1_10=0.0
y1_10=-0.0758022764
r1_10=-0.0171860594
r_10=0.0171860594
x1_11=-0.0567338013
x2_11=0.2967572217
z1_11=-0.0561581146
z2_11=0.29982889
xabs1_11=0.0567338013
xabs2_11=0.2967572217
attackOnU1_11=0.0
u1_11=-0.7433322712
uattacked1_11=-0.7433322712
attackOnY1_11=0.0
y1_11=-0.0567338013
r1_11=-0.0005756867
r_11=0.0005756867
x1_12=-0.0122490024
x2_12=0.1480907674
z1_12=-0.0115453797
z2_12=0.1504235418
xabs1_12=0.0122490024
xabs2_12=0.1480907674
attackOnU1_12=0.0
u1_12=-0.7433322712
uattacked1_12=-0.7433322712
attackOnY1_12=0.0
y1_12=-0.0122490024
r1_12=-0.0007036226
r_12=0.0007036226
x1_13=0.0025025056
x2_13=-0.0005756867
z1_13=0.0030781923
z2_13=0.0008539879
xabs1_13=0.0025025056
xabs2_13=0.0005756867
attackOnU1_13=0.0
u1_13=-0.7433322712
uattacked1_13=-0.7433322712
attackOnY1_13=0.0
y1_13=0.0025025056
r1_13=-0.0005756867
r_13=0.0005756867
attack on control signal component 1
[   0.            0.            0.            0.            0.
    0.            0.           56.15509263 -115.38948396   58.46310485
    0.            0.            0.            0.            0.        ]
attack on sensor 1
[ 0.          0.          0.          0.          0.          0.
  0.         -0.04999387 -1.21530535 -1.17637796  0.          0.
  0.          0.          0.        ]
