sat
x1_0=-4.7186e-05
x2_0=-0.0005553431
z1_0=0.0
z2_0=0.0
xabs1_0=4.7186e-05
xabs2_0=0.0005553431
attackOnU1_0=0.073596661
u1_0=0.0
uattacked1_0=0.0
attackOnY1_0=-0.0295801533
attackOnY2_0=0.0
y1_0=0.0
y2_0=0.0
r1_0=0.0
r2_0=0.0
r_0=0.0
x1_1=-0.0003254746
x2_1=-4.7186e-05
z1_1=0.0
z2_1=0.0
xabs1_1=0.0003254746
xabs2_1=4.7186e-05
attackOnU1_1=0.089193836
u1_1=0.0
uattacked1_1=0.073596661
attackOnY1_1=-0.0356089952
attackOnY2_1=0.0
y1_1=-0.0299056279
y2_1=-4.7186e-05
r1_1=-0.0299056279
r2_1=-4.7186e-05
r_1=0.0299528139
x1_2=0.0247830429
x2_2=0.0391725977
z1_2=-0.0107787662
z2_2=0.0092669697
xabs1_2=0.0247830429
xabs2_2=0.0391725977
attackOnU1_2=0.1117159572
u1_2=-0.0024643608
uattacked1_2=0.0867294752
attackOnY1_2=-0.0616363346
attackOnY2_2=0.0
y1_2=-0.0108259523
y2_2=0.0391725977
r1_2=-4.7186e-05
r2_2=0.0299056279
r_2=0.0299528139
x1_3=0.0666063067
x2_3=0.0379240468
z1_3=0.0050171581
z2_3=0.0080184188
xabs1_3=0.0666063067
xabs2_3=0.0379240468
attackOnU1_3=0.0273805752
u1_3=-0.0029298432
uattacked1_3=0.1087861139
attackOnY1_3=-0.0864718997
attackOnY2_3=0.0
y1_3=0.0049699721
y2_3=0.0379240468
r1_3=-4.7186e-05
r2_3=0.0299056279
r_3=0.0299528139
x1_4=0.101047186
x2_4=0.0272854239
z1_4=0.0146224722
z2_4=-0.0007624383
xabs1_4=0.101047186
xabs2_4=0.0272854239
attackOnU1_4=0.0
u1_4=-0.0005609473
uattacked1_4=0.0268196279
attackOnY1_4=-0.0737063238
attackOnY2_4=0.0
y1_4=0.0145752862
y2_4=0.0272854239
r1_4=-4.7186e-05
r2_4=0.0280478623
r_4=0.0280950483
x1_5=0.0902710909
x2_5=-0.0357935006
z1_5=0.0166119531
z2_5=-0.0058878727
xabs1_5=0.0902710909
xabs2_5=0.0357935006
attackOnU1_5=0.0054629805
u1_5=-0.0005609473
uattacked1_5=0.0268196279
attackOnY1_5=-0.0540812169
attackOnY2_5=0.0
y1_5=0.016564767
y2_5=-0.0357935006
r1_5=-4.7186e-05
r2_5=-0.0299056279
r_5=0.0299528139
x1_6=0.0497270381
x2_6=-0.0382824304
z1_6=-0.000438912
z2_6=-0.0122448832
xabs1_6=0.0497270381
xabs2_6=0.0382824304
attackOnU1_6=0.0
u1_6=0.0040725619
uattacked1_6=0.0095355424
attackOnY1_6=-0.031491087
attackOnY2_6=0.0
y1_6=-0.0043541788
y2_6=-0.0382824304
r1_6=-0.0039152667
r2_6=-0.0260375472
r_6=0.0299528139
x1_7=0.0157722414
x2_7=-0.0262782086
z1_7=-0.0138344328
z2_7=-7.00246e-05
xabs1_7=0.0157722414
xabs2_7=0.0262782086
attackOnU1_7=0.0
u1_7=0.0040725619
uattacked1_7=0.0095355424
attackOnY1_7=0.0
attackOnY2_7=0.0
y1_7=-0.0157188455
y2_7=-0.0262782086
r1_7=-0.0018844127
r2_7=-0.026208184
r_7=0.0280925967
x1_8=-0.0002756868
x2_8=-0.0067216176
z1_8=-0.0155377659
z2_8=0.0079691172
xabs1_8=0.0002756868
xabs2_8=0.0067216176
attackOnU1_8=0.0
u1_8=0.0040725619
uattacked1_8=0.0095355424
attackOnY1_8=0.0
attackOnY2_8=0.0
y1_8=-0.0002756868
y2_8=-0.0067216176
r1_8=0.0152620791
r2_8=-0.0146907348
r_8=0.0299528139
x1_9=-0.0005023262
x2_9=0.0043261412
z1_9=-0.0031187722
z2_9=0.0055229556
xabs1_9=0.0005023262
xabs2_9=0.0043261412
attackOnU1_9=0.0
u1_9=-0.0016524854
uattacked1_9=-0.0016524854
attackOnY1_9=0.0
attackOnY2_9=0.0
y1_9=-0.0005023262
y2_9=0.0043261412
r1_9=0.002616446
r2_9=-0.0011968144
r_9=0.0038132605
x1_10=0.0013994745
x2_10=-4.7186e-05
z1_10=0.0009257124
z2_10=0.0005882728
xabs1_10=0.0013994745
xabs2_10=4.7186e-05
attackOnU1_10=0.0
u1_10=-0.0002459526
uattacked1_10=-0.0002459526
attackOnY1_10=0.0
attackOnY2_10=0.0
y1_10=0.0013994745
y2_10=-4.7186e-05
r1_10=0.000473762
r2_10=-0.0006354588
r_10=0.0011092209
attack on control signal component 1
[ 0.07359666  0.08919384  0.11171596  0.02738058  0.          0.00546298
  0.          0.          0.          0.          0.          0.        ]
attack on sensor 1
[-0.02958015 -0.035609   -0.06163633 -0.0864719  -0.07370632 -0.05408122
 -0.03149109  0.          0.          0.          0.          0.        ]
attack on sensor 2
[ 0.  0.  0.  0.  0.  0.  0.  0.  0.  0.  0.  0.]
