sat
x1_0=-0.0011021213
x2_0=-0.005
z1_0=0.0
z2_0=0.0
xabs1_0=0.0011021213
xabs2_0=0.005
attackOnU1_0=-0.0771964792
u1_0=0.0
uattacked1_0=0.0
attackOnY1_0=0.0332456487
attackOnY2_0=0.0
y1_0=0.0
y2_0=0.0
r1_0=0.0
r2_0=0.0
r_0=0.0
x1_1=-0.0033774
x2_1=-6.58756e-05
z1_1=0.0
z2_1=0.0
xabs1_1=0.0033774
xabs2_1=6.58756e-05
attackOnU1_1=-0.0927444799
u1_1=0.0
uattacked1_1=-0.0771964792
attackOnY1_1=0.0391797085
attackOnY2_1=0.0
y1_1=0.0298682486
y2_1=-6.58756e-05
r1_1=0.0298682486
r2_1=-6.58756e-05
r_1=0.0299341243
x1_2=-0.0285108011
x2_2=-0.0391326757
z1_2=0.010734783
z2_2=-0.0092644271
xabs1_2=0.0285108011
xabs2_2=0.0391326757
attackOnU1_2=-0.1048319989
u1_2=0.0024659656
uattacked1_2=-0.0902785142
attackOnY1_2=0.0651113624
attackOnY2_2=0.0
y1_2=0.0106689074
y2_2=-0.0391326757
r1_2=-6.58756e-05
r2_2=-0.0298682486
r_2=0.0299341243
x1_3=-0.0702521417
x2_3=-0.0378241358
z1_3=-0.0050749035
z2_3=-0.0079558871
xabs1_3=0.0702521417
xabs2_3=0.0378241358
attackOnU1_3=-0.0485590971
u1_3=0.0029123809
uattacked1_3=-0.101919618
attackOnY1_3=0.078998619
attackOnY2_3=0.0
y1_3=-0.0051407792
y2_3=-0.0378241358
r1_3=-6.58756e-05
r2_3=-0.0298682486
r_3=0.0299341243
x1_4=-0.1010658756
x2_4=-0.0217009
z1_4=-0.0146639894
z2_4=0.000829957
xabs1_4=0.1010658756
xabs2_4=0.0217009
attackOnU1_4=0.0
u1_4=0.000540934
uattacked1_4=-0.0480181631
attackOnY1_4=0.0634291828
attackOnY2_4=0.0
y1_4=-0.0220672566
y2_4=-0.0217009
r1_4=-0.0074032671
r2_4=-0.0225308571
r_4=0.0299341243
x1_5=-0.0945311304
x2_5=0.0252941706
z1_5=-0.0178029458
z2_5=0.0086590481
xabs1_5=0.0945311304
xabs2_5=0.0252941706
attackOnU1_5=0.0
u1_5=0.000540934
uattacked1_5=-0.0480181631
attackOnY1_5=0.0397424799
attackOnY2_5=0.0
y1_5=-0.0311019476
y2_5=0.0252941706
r1_5=-0.0132990017
r2_5=0.0166351225
r_5=0.0299341243
x1_6=-0.0653108111
x2_6=0.0279401148
z1_6=-0.0072728887
z2_6=0.0163014329
xabs1_6=0.0653108111
xabs2_6=0.0279401148
attackOnU1_6=-0.0278506765
u1_6=0.000540934
uattacked1_6=-0.0480181631
attackOnY1_6=0.0153344565
attackOnY2_6=0.0
y1_6=-0.0255683311
y2_6=0.0279401148
r1_6=-0.0182954423
r2_6=0.0116386819
r_6=0.0299341243
x1_7=-0.0446230499
x2_7=0.0127973183
z1_7=0.0005796552
z2_7=0.012863194
xabs1_7=0.0446230499
xabs2_7=0.0127973183
attackOnU1_7=0.0
u1_7=-0.0042848007
uattacked1_7=-0.0321354773
attackOnY1_7=0.0
attackOnY2_7=0.0
y1_7=-0.0292885933
y2_7=0.0127973183
r1_7=-0.0298682486
r2_7=-6.58756e-05
r_7=0.0299341243
x1_8=-0.0335946965
x2_8=0.0082820648
z1_8=-0.0050271228
z2_8=0.0083479405
xabs1_8=0.0335946965
xabs2_8=0.0082820648
attackOnU1_8=0.0
u1_8=-0.0024803211
uattacked1_8=-0.0024803211
attackOnY1_8=0.0
attackOnY2_8=0.0
y1_8=-0.0335946965
y2_8=0.0082820648
r1_8=-0.0285675736
r2_8=-6.58756e-05
r_8=0.0286334493
x1_9=-0.0186263145
x2_9=0.0175672874
z1_9=-0.0100389147
z2_9=0.0112857149
xabs1_9=0.0186263145
xabs2_9=0.0175672874
attackOnU1_9=0.0
u1_9=-0.0031728937
uattacked1_9=-0.0031728937
attackOnY1_9=0.0
attackOnY2_9=0.0
y1_9=-0.0186263145
y2_9=0.0175672874
r1_9=-0.0085873997
r2_9=0.0062815724
r_9=0.0148689721
x1_10=-0.0040614891
x2_10=0.0104740603
z1_10=-0.003118478
z2_10=0.0082707538
xabs1_10=0.0040614891
xabs2_10=0.0104740603
attackOnU1_10=0.0
u1_10=-0.0025609238
uattacked1_10=-0.0025609238
attackOnY1_10=0.0
attackOnY2_10=0.0
y1_10=-0.0040614891
y2_10=0.0104740603
r1_10=-0.0009430111
r2_10=0.0022033065
r_10=0.0031463176
attack on control signal component 1
[-0.07719648 -0.09274448 -0.104832   -0.0485591   0.          0.
 -0.02785068  0.          0.          0.          0.          0.        ]
attack on sensor 1
[0.03324565 0.03917971 0.06511136 0.07899862 0.06342918 0.03974248
 0.01533446 0.         0.         0.         0.         0.        ]
attack on sensor 2
[0. 0. 0. 0. 0. 0. 0. 0. 0. 0. 0. 0.]
