sat
x1_0=-9.728e-07
x2_0=-1.14492e-05
z1_0=0.0
z2_0=0.0
xabs1_0=9.728e-07
xabs2_0=1.14492e-05
attackOnU1_0=0.0684736804
u1_0=0.0
uattacked1_0=0.0
attackOnY1_0=-0.0299913442
attackOnY2_0=0.0
y1_0=0.0
y2_0=0.0
r1_0=0.0
r2_0=0.0
r_0=0.0
x1_1=-6.7101e-06
x2_1=-9.728e-07
z1_1=0.0
z2_1=0.0
xabs1_1=6.7101e-06
xabs2_1=9.728e-07
attackOnU1_1=0.0898860365
u1_1=0.0
uattacked1_1=0.0684736804
attackOnY1_1=-0.0370795349
attackOnY2_1=0.0
y1_1=-0.0299980543
y2_1=-9.728e-07
r1_1=-0.0299980543
r2_1=-9.728e-07
r_1=0.0299990271
x1_2=0.023276107
x2_2=0.0362944805
z1_2=-0.0107995622
z2_2=0.009299319
xabs1_2=0.023276107
xabs2_2=0.0362944805
attackOnU1_2=0.1149219942
u1_2=-0.0024738992
uattacked1_2=0.0874121373
attackOnY1_2=-0.0611523006
attackOnY2_2=0.0
y1_2=-0.0138034279
y2_2=0.0362944805
r1_2=-0.0030038656
r2_2=0.0269951614
r_2=0.0299990271
x1_3=0.064318432
x2_3=0.0387103785
z1_3=0.0031671042
z2_3=0.0087123241
xabs1_3=0.064318432
xabs2_3=0.0387103785
attackOnU1_3=0.0320951259
u1_3=-0.0030563853
uattacked1_3=0.1118656089
attackOnY1_3=-0.0872341715
attackOnY2_3=0.0
y1_3=0.0031661314
y2_3=0.0387103785
r1_3=-9.728e-07
r2_3=0.0299980543
r_3=0.0299990271
x1_4=0.1010009728
x2_4=0.0302323529
z1_4=0.013767774
z2_4=0.0002342985
xabs1_4=0.1010009728
xabs2_4=0.0302323529
attackOnU1_4=0.0
u1_4=-0.0008429473
uattacked1_4=0.0312521785
attackOnY1_4=-0.078561548
attackOnY2_4=0.0
y1_4=0.0137668012
y2_4=0.0302323529
r1_4=-9.728e-07
r2_4=0.0299980543
r_4=0.0299990271
x1_5=0.0933095298
x2_5=-0.033036655
z1_5=0.0170234314
z2_5=-0.0053130776
xabs1_5=0.0933095298
xabs2_5=0.033036655
attackOnU1_5=0.0
u1_5=-0.0008429473
uattacked1_5=0.0312521785
attackOnY1_5=-0.0581435595
attackOnY2_5=0.0
y1_5=0.0147479817
y2_5=-0.033036655
r1_5=-0.0022754497
r2_5=-0.0277235774
r_5=0.0299990271
x1_6=0.0547006032
x2_6=-0.0371851613
z1_6=-0.0001715962
z2_6=-0.0116723776
xabs1_6=0.0547006032
xabs2_6=0.0371851613
attackOnU1_6=0.0
u1_6=-0.0008429473
uattacked1_6=0.0312521785
attackOnY1_6=-0.0260349429
attackOnY2_6=0.0
y1_6=-0.0034429563
y2_6=-0.0371851613
r1_6=-0.0032713601
r2_6=-0.0255127836
r_6=0.0287841437
x1_7=0.0270200033
x2_7=-0.017261736
z1_7=-0.014652357
z2_7=-0.0029001262
xabs1_7=0.0270200033
xabs2_7=0.017261736
attackOnU1_7=0.0
u1_7=-0.0008429473
uattacked1_7=0.0312521785
attackOnY1_7=0.0
attackOnY2_7=0.0
y1_7=0.0009850603
y2_7=-0.017261736
r1_7=0.0156374173
r2_7=-0.0143616098
r_7=0.0299990271
x1_8=0.0193102228
x2_8=-9.728e-07
z1_8=-0.009742389
z2_8=0.0009454425
xabs1_8=0.0193102228
xabs2_8=9.728e-07
attackOnU1_8=0.0
u1_8=-0.0008429473
uattacked1_8=0.0312521785
attackOnY1_8=0.0
attackOnY2_8=0.0
y1_8=0.0193102228
y2_8=-9.728e-07
r1_8=0.0290526118
r2_8=-0.0009464153
r_8=0.0299990271
x1_9=0.0233699721
x2_9=0.00632911
z1_9=0.0039879138
z2_9=-0.0042424112
xabs1_9=0.0233699721
xabs2_9=0.00632911
attackOnU1_9=0.0
u1_9=0.0011808131
uattacked1_9=0.0011808131
attackOnY1_9=0.0
attackOnY2_9=0.0
y1_9=0.0233699721
y2_9=0.00632911
r1_9=0.0193820583
r2_9=0.0105715213
r_9=0.0299535797
x1_10=0.0191800864
x2_10=-0.0109374699
z1_10=0.0106168733
z2_10=-0.0072019931
xabs1_10=0.0191800864
xabs2_10=0.0109374699
attackOnU1_10=0.0
u1_10=0.0017906807
uattacked1_10=0.0017906807
attackOnY1_10=0.0
attackOnY2_10=0.0
y1_10=0.0191800864
y2_10=-0.0109374699
r1_10=0.008563213
r2_10=-0.0037354767
r_10=0.0122986898
attack on control signal component 1
[0.06847368 0.08988604 0.11492199 0.03209513 0.         0.
 0.         0.         0.         0.         0.         0.        ]
attack on sensor 1
[-0.02999134 -0.03707953 -0.0611523  -0.08723417 -0.07856155 -0.05814356
 -0.02603494  0.          0.          0.          0.          0.        ]
attack on sensor 2
[0. 0. 0. 0. 0. 0. 0. 0. 0. 0. 0. 0.]
