sat
x1_0=0.0
x2_0=0.0
z1_0=0.0
z2_0=0.0
xabs1_0=0.0
xabs2_0=0.0
attackOnU1_0=0.4154824526
u1_0=0.0
uattacked1_0=0.4154824526
attackOnY1_0=-0.0020556069
attackOnY2_0=0.0
y1_0=-0.0020556069
y2_0=0.0
r1_0=-0.0020556069
r2_0=0.0
r_0=0.0020556069
x1_1=0.1412640339
x2_1=0.2202056999
z1_1=-0.0007400185
z2_1=0.0006372381
xabs1_1=0.1412640339
xabs2_1=0.2202056999
attackOnU1_1=0.0
u1_1=0.0
uattacked1_1=0.4154824526
attackOnY1_1=0.0
attackOnY2_1=0.0
y1_1=0.0
y2_1=0.0
r1_1=0.0
r2_1=0.0
r_1=0.0
x1_2=0.3512073172
x2_2=0.1739625029
z1_2=-0.0001506759
z2_2=0.0004750507
xabs1_2=0.3512073172
xabs2_2=0.1739625029
attackOnU1_2=0.0
u1_2=0.0
uattacked1_2=0.4154824526
attackOnY1_2=0.0
attackOnY2_2=0.0
y1_2=0.0
y2_2=0.0
r1_2=0.0
r2_2=0.0
r_2=0.0
x1_3=0.4652609898
x2_3=0.0566809471
z1_3=0.0001523307
z2_3=0.0001416148
xabs1_3=0.4652609898
xabs2_3=0.0566809471
attackOnU1_3=0.0
u1_3=0.0
uattacked1_3=0.4154824526
attackOnY1_3=0.0
attackOnY2_3=0.0
y1_3=0.0
y2_3=0.0
r1_3=0.0
r2_3=0.0
r_3=0.0
x1_4=0.4783771891
x2_4=-0.0190141015
z1_4=0.0001755941
z2_4=-6.23253e-05
xabs1_4=0.4783771891
xabs2_4=0.0190141015
attackOnU1_4=0.0604089231
u1_4=-5.52874e-05
uattacked1_4=0.0603536356
attackOnY1_4=-0.4871942118
attackOnY2_4=0.0
y1_4=-0.0088170226
y2_4=-0.0190141015
r1_4=-0.0089926168
r2_4=-0.0189517762
r_4=0.027944393
x1_5=0.3261717071
x2_5=-0.2240243165
z1_5=-0.0082902596
z2_5=0.0011410995
xabs1_5=0.3261717071
xabs2_5=0.2240243165
attackOnU1_5=0.0
u1_5=-5.52874e-05
uattacked1_5=0.0603536356
attackOnY1_5=0.0
attackOnY2_5=0.0
y1_5=0.0
y2_5=0.0
r1_5=0.0
r2_5=0.0
r_5=0.0
x1_6=0.117060675
x2_6=-0.170006739
z1_6=-0.0048855863
z2_6=0.0045128782
xabs1_6=0.117060675
xabs2_6=0.170006739
attackOnU1_6=0.0
u1_6=-5.52874e-05
uattacked1_6=0.0603536356
attackOnY1_6=0.0
attackOnY2_6=0.0
y1_6=0.0
y2_6=0.0
r1_6=0.0
r2_6=0.0
r_6=0.0
x1_7=0.0076767099
x2_7=-0.0521556069
z1_7=-0.0008514592
z2_7=0.0031467325
xabs1_7=0.0076767099
xabs2_7=0.0521556069
attackOnU1_7=0.0
u1_7=-5.52874e-05
uattacked1_7=0.0603536356
attackOnY1_7=0.0
attackOnY2_7=0.0
y1_7=0.0
y2_7=0.0
r1_7=0.0
r2_7=0.0
r_7=0.0
x1_8=-0.0020556069
x2_8=0.0211385417
z1_8=0.0010870073
z2_8=0.0008310462
xabs1_8=0.0020556069
xabs2_8=0.0211385417
attackOnU1_8=0.0
u1_8=-0.0009929686
uattacked1_8=-0.0009929686
attackOnY1_8=0.0
attackOnY2_8=0.0
y1_8=-0.0020556069
y2_8=0.0211385417
r1_8=-0.0031426143
r2_8=0.0203074954
r_8=0.0234501097
attack on control signal component 1
[0.41548245 0.         0.         0.         0.06040892 0.
 0.         0.         0.         0.        ]
attack on sensor 1
[-0.00205561  0.          0.          0.         -0.48719421  0.
  0.          0.          0.          0.        ]
attack on sensor 2
[0. 0. 0. 0. 0. 0. 0. 0. 0. 0.]
