sat
x1_0=0.0
x2_0=0.0
z1_0=0.0
z2_0=0.0
xabs1_0=0.0
xabs2_0=0.0
attackOnU1_0=0.0
u1_0=0.0
uattacked1_0=0.0
attackOnY1_0=0.0
attackOnY2_0=0.0
y1_0=0.0
y2_0=0.0
r1_0=0.0
r2_0=0.0
r_0=0.0
x1_1=0.0
x2_1=0.0
z1_1=0.0
z2_1=0.0
xabs1_1=0.0
xabs2_1=0.0
attackOnU1_1=0.0713219063
u1_1=0.0
uattacked1_1=0.0713219063
attackOnY1_1=-0.025445926
attackOnY2_1=0.0
y1_1=-0.025445926
y2_1=0.0
r1_1=-0.025445926
r2_1=0.0
r_1=0.025445926
x1_2=0.0242494481
x2_2=0.0378006103
z1_2=-0.0091605333
z2_2=0.007888237
xabs1_2=0.0242494481
xabs2_2=0.0378006103
attackOnU1_2=0.0870521263
u1_2=-0.0020985255
uattacked1_2=0.0849536008
attackOnY1_2=-0.0334537949
attackOnY2_2=0.0
y1_2=-0.0092043467
y2_2=0.0378006103
r1_2=-4.38133e-05
r2_2=0.0299123732
r_2=0.0299561866
x1_3=0.0649231835
x2_3=0.0370872802
z1_3=0.0054818829
z2_3=0.0071749069
xabs1_3=0.0649231835
xabs2_3=0.0370872802
attackOnU1_3=0.1130834454
u1_3=-0.0026768169
uattacked1_3=0.1104066284
attackOnY1_3=-0.059485114
attackOnY2_3=0.0
y1_3=0.0054380695
y2_3=0.0370872802
r1_3=-4.38133e-05
r2_3=0.0299123732
r_3=0.0299561866
x1_4=0.1000438133
x2_4=0.0289275722
z1_4=0.0145711936
z2_4=-0.000984801
xabs1_4=0.1000438133
xabs2_4=0.0289275722
attackOnU1_4=0.0262378842
u1_4=-0.0004845831
uattacked1_4=0.0257533011
attackOnY1_4=-0.085516433
attackOnY2_4=0.0
y1_4=0.0145273802
y2_4=0.0289275722
r1_4=-4.38133e-05
r2_4=0.0299123732
r_4=0.0299561866
x1_5=0.0901166525
x2_5=-0.035613387
z1_5=0.0169908529
z2_5=-0.0057010138
xabs1_5=0.0901166525
xabs2_5=0.035613387
attackOnU1_5=0.0195349081
u1_5=0.0009400637
uattacked1_5=0.0204749718
attackOnY1_5=-0.0731696129
attackOnY2_5=0.0
y1_5=0.0169470395
y2_5=-0.035613387
r1_5=-4.38133e-05
r2_5=-0.0299123732
r_5=0.0299561866
x1_6=0.0475633859
x2_6=-0.041539831
z1_6=0.0004199337
z2_6=-0.0116274578
xabs1_6=0.0475633859
xabs2_6=0.041539831
attackOnU1_6=0.0047470968
u1_6=0.0038206892
uattacked1_6=0.0085677861
attackOnY1_6=-0.0471872655
attackOnY2_6=0.0
y1_6=0.0003761203
y2_6=-0.041539831
r1_6=-4.38133e-05
r2_6=-0.0299123732
r_6=0.0299561866
x1_7=0.0122887715
x2_7=-0.0260678459
z1_7=-0.0126784756
z2_7=-0.0020885768
xabs1_7=0.0122887715
xabs2_7=0.0260678459
attackOnU1_7=0.0152562278
u1_7=0.0013954067
uattacked1_7=0.0166516346
attackOnY1_7=-0.0192824766
attackOnY2_7=0.0
y1_7=-0.0069937051
y2_7=-0.0260678459
r1_7=0.0056847705
r2_7=-0.0239792691
r_7=0.0296640396
x1_8=-4.38133e-05
x2_8=-0.0010765025
z1_8=-0.0134281866
z2_8=0.0035070222
xabs1_8=4.38133e-05
xabs2_8=0.0010765025
attackOnU1_8=0.0
u1_8=-0.0004128143
uattacked1_8=-0.0004128143
attackOnY1_8=0.0
attackOnY2_8=0.0
y1_8=-4.38133e-05
y2_8=-0.0010765025
r1_8=0.0133843732
r2_8=-0.0045835248
r_8=0.017967898
x1_9=-0.00073982
x2_9=-0.0003355158
z1_9=-0.0035634155
z2_9=0.0028382224
xabs1_9=0.00073982
xabs2_9=0.0003355158
attackOnU1_9=0.0
u1_9=-0.0007401904
uattacked1_9=-0.0007401904
attackOnY1_9=0.0
attackOnY2_9=0.0
y1_9=-0.00073982
y2_9=-0.0003355158
r1_9=0.0028235955
r2_9=-0.0031737383
r_9=0.0059973338
x1_10=-0.0009177694
x2_10=-4.38133e-05
z1_10=-0.000939676
z2_10=0.0007360645
xabs1_10=0.0009177694
xabs2_10=4.38133e-05
attackOnU1_10=0.0
u1_10=-0.0001910969
uattacked1_10=-0.0001910969
attackOnY1_10=0.0
attackOnY2_10=0.0
y1_10=-0.0009177694
y2_10=-4.38133e-05
r1_10=2.19066e-05
r2_10=-0.0007798779
r_10=0.0008017846
attack on control signal component 1
[0.         0.07132191 0.08705213 0.11308345 0.02623788 0.01953491
 0.0047471  0.01525623 0.         0.         0.         0.        ]
attack on sensor 1
[ 0.         -0.02544593 -0.03345379 -0.05948511 -0.08551643 -0.07316961
 -0.04718727 -0.01928248  0.          0.          0.          0.        ]
attack on sensor 2
[0. 0. 0. 0. 0. 0. 0. 0. 0. 0. 0. 0.]
