sat
x1_0=0.0
x2_0=0.0
z1_0=0.0
z2_0=0.0
xabs1_0=0.0
xabs2_0=0.0
attackOnU1_0=0.2119687165
u1_0=0.0
uattacked1_0=0.2119687165
attackOnY1_0=-0.0293087846
attackOnY2_0=0.0
y1_0=-0.0293087846
y2_0=0.0
r1_0=-0.0293087846
r2_0=0.0
r_0=0.0293087846
x1_1=0.0720693636
x2_1=0.1123434197
z1_1=-0.0105511624
z2_1=0.0090857232
xabs1_1=0.0720693636
xabs2_1=0.1123434197
attackOnU1_1=0.0
u1_1=0.0
uattacked1_1=0.2119687165
attackOnY1_1=0.0
attackOnY2_1=0.0
y1_1=0.0
y2_1=0.0
r1_1=0.0
r2_1=0.0
r_1=0.0
x1_2=0.179177156
x2_2=0.0887513016
z1_2=-0.0021483339
z2_2=0.0067732601
xabs1_2=0.179177156
xabs2_2=0.0887513016
attackOnU1_2=0.0
u1_2=0.0
uattacked1_2=0.2119687165
attackOnY1_2=0.0
attackOnY2_2=0.0
y1_2=0.0
y2_2=0.0
r1_2=0.0
r2_2=0.0
r_2=0.0
x1_3=0.2373644764
x2_3=0.0289171962
z1_3=0.0021719274
z2_3=0.0020191407
xabs1_3=0.2373644764
xabs2_3=0.0289171962
attackOnU1_3=0.2330434616
u1_3=-0.0021197924
uattacked1_3=0.2309236692
attackOnY1_3=-0.2358837643
attackOnY2_3=0.0
y1_3=0.0014807121
y2_3=0.0289171962
r1_3=-0.0006912153
r2_3=0.0268980554
r_3=0.0275892708
x1_4=0.250500716
x2_4=0.0003456076
z1_4=0.0087965247
z2_4=0.0003539979
xabs1_4=0.250500716
xabs2_4=0.0003456076
attackOnU1_4=0.0
u1_4=-0.0021197924
uattacked1_4=0.2309236692
attackOnY1_4=0.0
attackOnY2_4=0.0
y1_4=0.0
y2_4=0.0
r1_4=0.0
r2_4=0.0
r_4=0.0
x1_5=0.2440276921
x2_5=-0.0103309057
z1_5=0.0052725958
z2_5=-0.0057396283
xabs1_5=0.2440276921
xabs2_5=0.0103309057
attackOnU1_5=0.0252237705
u1_5=-0.0006061184
uattacked1_5=0.024617652
attackOnY1_5=-0.2394463117
attackOnY2_5=0.0
y1_5=0.0045813804
y2_5=-0.0103309057
r1_5=-0.0006912153
r2_5=-0.0045912774
r_5=0.0052824927
x1_6=0.1639528984
x2_6=-0.117630339
z1_6=-0.0012566525
z2_6=-0.0040148957
xabs1_6=0.1639528984
xabs2_6=0.117630339
attackOnU1_6=0.0
u1_6=-0.0006061184
uattacked1_6=0.024617652
attackOnY1_6=0.0
attackOnY2_6=0.0
y1_6=0.0
y2_6=0.0
r1_6=0.0
r2_6=0.0
r_6=0.0
x1_7=0.0542348349
x2_7=-0.0891396246
z1_7=-0.0031633656
z2_7=-0.0001771534
xabs1_7=0.0542348349
xabs2_7=0.0891396246
attackOnU1_7=0.0
u1_7=-0.0006061184
uattacked1_7=0.024617652
attackOnY1_7=0.0
attackOnY2_7=0.0
y1_7=0.0
y2_7=0.0
r1_7=0.0
r2_7=0.0
r_7=0.0
x1_8=-0.0030790083
x2_8=-0.0272852581
z1_8=-0.0023877929
z2_8=0.001332311
xabs1_8=0.0030790083
xabs2_8=0.0272852581
attackOnU1_8=0.0
u1_8=0.00023445
uattacked1_8=0.00023445
attackOnY1_8=0.0
attackOnY2_8=0.0
y1_8=-0.0030790083
y2_8=-0.0272852581
r1_8=-0.0006912153
r2_8=-0.0286175692
r_8=0.0293087846
x1_9=-0.0164136193
x2_9=-0.0017909506
z1_9=-0.0087656866
z2_9=-0.0005121395
xabs1_9=0.0164136193
xabs2_9=0.0017909506
attackOnU1_9=0.0
u1_9=0.00023445
uattacked1_9=0.00023445
attackOnY1_9=0.0
attackOnY2_9=0.0
y1_9=0.0
y2_9=0.0
r1_9=0.0
r2_9=0.0
r_9=0.0
attack on control signal component 1
[0.21196872 0.         0.         0.23304346 0.         0.02522377
 0.         0.         0.         0.         0.        ]
attack on sensor 1
[-0.02930878  0.          0.         -0.23588376  0.         -0.23944631
  0.          0.          0.          0.          0.        ]
attack on sensor 2
[0. 0. 0. 0. 0. 0. 0. 0. 0. 0. 0.]
