sat
x1_0=0.0
x2_0=0.0
z1_0=0.0
z2_0=0.0
xabs1_0=0.0
xabs2_0=0.0
attackOnU1_0=0.0
u1_0=0.0
uattacked1_0=0.0
attackOnY1_0=0.0
attackOnY2_0=0.0
y1_0=0.0
y2_0=0.0
r1_0=0.0
r2_0=0.0
r_0=0.0
x1_1=0.0
x2_1=0.0
z1_1=0.0
z2_1=0.0
xabs1_1=0.0
xabs2_1=0.0
attackOnU1_1=-0.0784810988
u1_1=0.0
uattacked1_1=-0.0784810988
attackOnY1_1=0.0139866524
attackOnY2_1=0.0
y1_1=0.0139866524
y2_1=0.0
r1_1=0.0139866524
r2_1=0.0
r_1=0.0139866524
x1_2=-0.0266835735
x2_2=-0.0415949823
z1_2=0.0050351948
z2_2=-0.0043358622
xabs1_2=0.0266835735
xabs2_2=0.0415949823
attackOnU1_2=0.0
u1_2=0.0
uattacked1_2=-0.0784810988
attackOnY1_2=0.0
attackOnY2_2=0.0
y1_2=0.0
y2_2=0.0
r1_2=0.0
r2_2=0.0
r_2=0.0
x1_3=-0.0663400728
x2_3=-0.032860036
z1_3=0.0010252216
z2_3=-0.0032323153
xabs1_3=0.0663400728
xabs2_3=0.032860036
attackOnU1_3=-0.066849766
u1_3=0.0011534792
uattacked1_3=-0.0656962868
attackOnY1_3=0.0671791547
attackOnY2_3=0.0
y1_3=0.0008390819
y2_3=-0.032860036
r1_3=-0.0001861396
r2_3=-0.0296277206
r_3=0.0298138603
x1_4=-0.0835370047
x2_4=-0.0039305981
z1_4=-0.0087107928
z2_4=-0.0026647388
xabs1_4=0.0835370047
xabs2_4=0.0039305981
attackOnU1_4=0.0112950119
u1_4=0.0010116011
uattacked1_4=0.012306613
attackOnY1_4=0.0462782108
attackOnY2_4=0.0
y1_4=-0.0372587938
y2_4=-0.0039305981
r1_4=-0.028548001
r2_4=-0.0012658592
r_4=0.0298138603
x1_5=-0.0530333916
x2_5=0.0502861396
z1_5=-0.0174365528
z2_5=0.0135550643
xabs1_5=0.0530333916
xabs2_5=0.0502861396
attackOnU1_5=0.0
u1_5=0.0010116011
uattacked1_5=0.012306613
attackOnY1_5=0.0
attackOnY2_5=0.0
y1_5=0.0
y2_5=0.0
r1_5=0.0
r2_5=0.0
r_5=0.0
x1_6=-0.004166136
x2_6=0.0411674006
z1_6=-0.0039799963
z2_6=0.0115396799
xabs1_6=0.004166136
xabs2_6=0.0411674006
attackOnU1_6=0.0
u1_6=-0.0035118319
uattacked1_6=-0.0035118319
attackOnY1_6=0.0
attackOnY2_6=0.0
y1_6=-0.004166136
y2_6=0.0411674006
r1_6=-0.0001861396
r2_6=0.0296277206
r_6=0.0298138603
x1_7=0.0178750497
x2_7=0.0056985432
z1_7=0.0102276842
z2_7=0.0041762065
xabs1_7=0.0178750497
xabs2_7=0.0056985432
attackOnU1_7=0.0
u1_7=-0.0035937303
uattacked1_7=-0.0035937303
attackOnY1_7=0.0
attackOnY2_7=0.0
y1_7=0.0178750497
y2_7=0.0056985432
r1_7=0.0076473654
r2_7=0.0015223367
r_7=0.0091697022
x1_8=0.0135958923
x2_8=-0.0106376428
z1_8=0.0109058751
z2_8=-0.0090313392
xabs1_8=0.0135958923
xabs2_8=0.0106376428
attackOnU1_8=0.0
u1_8=-0.0035937303
uattacked1_8=-0.0035937303
attackOnY1_8=0.0
attackOnY2_8=0.0
y1_8=0.0
y2_8=0.0
r1_8=0.0
r2_8=0.0
r_8=0.0
attack on control signal component 1
[ 0.         -0.0784811   0.         -0.06684977  0.01129501  0.
  0.          0.          0.          0.        ]
attack on sensor 1
[0.         0.01398665 0.         0.06717915 0.04627821 0.
 0.         0.         0.         0.        ]
attack on sensor 2
[0. 0. 0. 0. 0. 0. 0. 0. 0. 0.]
