sat
x1_0=-0.0011757141
x2_0=-0.005
z1_0=0.0
z2_0=0.0
xabs1_0=0.0011757141
xabs2_0=0.005
attackOnU1_0=-0.0774415433
u1_0=0.0
uattacked1_0=0.0
attackOnY1_0=0.0333722284
attackOnY2_0=0.0
y1_0=0.0
y2_0=0.0
r1_0=0.0
r2_0=0.0
r_0=0.0
x1_1=-0.0034259713
x2_1=-2.68714e-05
z1_1=0.0
z2_1=0.0
xabs1_1=0.0034259713
xabs2_1=2.68714e-05
attackOnU1_1=0.0
u1_1=0.0
uattacked1_1=-0.0774415433
attackOnY1_1=0.0393520334
attackOnY2_1=0.0
y1_1=0.029946257
y2_1=-2.68714e-05
r1_1=0.029946257
r2_1=-2.68714e-05
r_1=0.0299731285
x1_2=-0.0286055077
x2_2=-0.0392317464
z1_2=0.0107733972
z2_2=-0.0092854894
xabs1_2=0.0286055077
xabs2_2=0.0392317464
attackOnU1_2=-0.0954943075
u1_2=0.0
uattacked1_2=-0.0774415433
attackOnY1_2=0.0600696836
attackOnY2_2=0.0
y1_2=0.0107465257
y2_2=-0.0392317464
r1_2=-2.68714e-05
r2_2=-0.029946257
r_2=0.0299731285
x1_3=-0.0660025854
x2_3=-0.0309832259
z1_3=-0.0059060303
z2_3=-0.0093043845
xabs1_3=0.0660025854
xabs2_3=0.0309832259
attackOnU1_3=0.0
u1_3=0.0034044048
uattacked1_3=-0.0920899027
attackOnY1_3=0.0676385684
attackOnY2_3=0.0
y1_3=-0.0059329018
y2_3=-0.0309832259
r1_3=-2.68714e-05
r2_3=-0.0216788413
r_3=0.0217057128
x1_4=-0.091293383
x2_4=-0.0178540975
z1_4=-0.0135347671
z2_4=0.0019989834
xabs1_4=0.091293383
xabs2_4=0.0178540975
attackOnU1_4=-0.0185386934
u1_4=0.0034044048
uattacked1_4=-0.0920899027
attackOnY1_4=0.0688639919
attackOnY2_4=0.0
y1_4=-0.0236548145
y2_4=-0.0178540975
r1_4=-0.0101200474
r2_4=-0.019853081
r_4=0.0299731285
x1_5=-0.1010268714
x2_5=-0.0027431881
z1_5=-0.0157195363
z2_5=0.0107865972
xabs1_5=0.1010268714
xabs2_5=0.0027431881
attackOnU1_5=0.0
u1_5=-0.0026920428
uattacked1_5=-0.0212307362
attackOnY1_5=0.0598444634
attackOnY2_5=0.0
y1_5=-0.0321628795
y2_5=-0.0027431881
r1_5=-0.0164433431
r2_5=-0.0135297853
r_5=0.0299731285
x1_6=-0.0753500751
x2_6=0.0419353372
z1_6=-0.0151459376
z2_6=0.0123218827
xabs1_6=0.0753500751
xabs2_6=0.0419353372
attackOnU1_6=-0.0326385704
u1_6=-0.0026920428
uattacked1_6=-0.0212307362
attackOnY1_6=0.0316876363
attackOnY2_6=0.0
y1_6=-0.0155056117
y2_6=0.0419353372
r1_6=-0.000359674
r2_6=0.0296134544
r_6=0.0299731285
x1_7=-0.0347237712
x2_7=0.0341348434
z1_7=0.0034851345
z2_7=0.0106829843
xabs1_7=0.0347237712
xabs2_7=0.0341348434
attackOnU1_7=0.0
u1_7=-0.003725568
uattacked1_7=-0.0363641385
attackOnY1_7=0.0
attackOnY2_7=0.0
y1_7=-0.0030361348
y2_7=0.0341348434
r1_7=-0.0065212693
r2_7=0.0234518591
r_7=0.0299731285
x1_8=-0.017190029
x2_8=0.0035681349
z1_8=0.0106798223
z2_8=0.0014648578
xabs1_8=0.017190029
xabs2_8=0.0035681349
attackOnU1_8=0.0
u1_8=-0.003725568
uattacked1_8=-0.0363641385
attackOnY1_8=0.0
attackOnY2_8=0.0
y1_8=-0.017190029
y2_8=0.0035681349
r1_8=-0.0278698513
r2_8=0.0021032771
r_8=0.0299731285
x1_9=-0.0218181147
x2_9=-0.0096984205
z1_9=-0.0029068974
z2_9=0.0013634906
xabs1_9=0.0218181147
xabs2_9=0.0096984205
attackOnU1_9=0.0
u1_9=-0.0002891465
uattacked1_9=-0.0002891465
attackOnY1_9=0.0
attackOnY2_9=0.0
y1_9=-0.0218181147
y2_9=-0.0096984205
r1_9=-0.0189112173
r2_9=-0.0110619111
r_9=0.0299731285
x1_10=-0.0196384284
x2_10=0.0101495585
z1_10=-0.0110889663
z2_10=0.0065421862
xabs1_10=0.0196384284
xabs2_10=0.0101495585
attackOnU1_10=0.0
u1_10=-0.0002891465
uattacked1_10=-0.0002891465
attackOnY1_10=0.0
attackOnY2_10=0.0
y1_10=-0.0196384284
y2_10=0.0101495585
r1_10=-0.0085494621
r2_10=0.0036073722
r_10=0.0121568343
attack on control signal component 1
[-0.07744154  0.         -0.09549431  0.         -0.01853869  0.
 -0.03263857  0.          0.          0.          0.          0.        ]
attack on sensor 1
[0.03337223 0.03935203 0.06006968 0.06763857 0.06886399 0.05984446
 0.03168764 0.         0.         0.         0.         0.        ]
attack on sensor 2
[0. 0. 0. 0. 0. 0. 0. 0. 0. 0. 0. 0.]
