sat
x1_0=-0.0011125034
x2_0=-0.005
z1_0=0.0
z2_0=0.0
xabs1_0=0.0011125034
xabs2_0=0.005
attackOnU1_0=-0.0207981454
u1_0=0.0
uattacked1_0=0.0
attackOnY1_0=0.0332635059
attackOnY2_0=0.0
y1_0=0.0
y2_0=0.0
r1_0=0.0
r2_0=0.0
r_0=0.0
x1_1=-0.0033842522
x2_1=-6.03731e-05
z1_1=0.0
z2_1=0.0
xabs1_1=0.0033842522
xabs2_1=6.03731e-05
attackOnU1_1=-0.0939502033
u1_1=0.0
uattacked1_1=-0.0207981454
attackOnY1_1=0.0499866445
attackOnY2_1=0.0
y1_1=0.0298792536
y2_1=-6.03731e-05
r1_1=0.0298792536
r2_1=-6.03731e-05
r_1=0.0299396268
x1_2=-0.0093369737
x2_2=-0.0092372119
z1_2=0.0107402305
z2_2=-0.0092673984
xabs1_2=0.0093369737
xabs2_2=0.0092372119
attackOnU1_2=0.0
u1_2=0.0024666451
uattacked1_2=-0.0914835582
attackOnY1_2=0.0558932008
attackOnY2_2=0.0
y1_2=0.0406496708
y2_2=-0.0092372119
r1_2=0.0299094402
r2_2=3.01865e-05
r_2=0.0299396268
x1_3=-0.0421625347
x2_3=-0.0447385273
z1_3=0.0137910391
z2_3=-0.0148592736
xabs1_3=0.0421625347
xabs2_3=0.0447385273
attackOnU1_3=-0.0907393881
u1_3=0.0024666451
uattacked1_3=-0.0914835582
attackOnY1_3=0.0683305646
attackOnY2_3=0.0
y1_3=0.013730666
y2_3=-0.0447385273
r1_3=-6.03731e-05
r2_3=-0.0298792536
r_3=0.0299396268
x1_4=-0.0826431022
x2_4=-0.0319561509
z1_4=-0.0060238026
z2_4=-0.010305259
xabs1_4=0.0826431022
xabs2_4=0.0319561509
attackOnU1_4=-0.0156404054
u1_4=0.003741842
uattacked1_4=-0.086997546
attackOnY1_4=0.0652614895
attackOnY2_4=0.0
y1_4=-0.0143125375
y2_4=-0.0319561509
r1_4=-0.0082887349
r2_4=-0.0216508919
r_4=0.0299396268
x1_5=-0.1010603731
x2_5=-0.0064621548
z1_5=-0.0169949561
z2_5=0.0046735444
xabs1_5=0.1010603731
xabs2_5=0.0064621548
attackOnU1_5=0.0
u1_5=-0.0006001542
uattacked1_5=-0.0162405596
attackOnY1_5=0.0568664078
attackOnY2_5=0.0
y1_5=-0.0357988836
y2_5=-0.0064621548
r1_5=-0.0188039274
r2_5=-0.0111356993
r_5=0.0299396268
x1_6=-0.0756465786
x2_6=0.044114421
z1_6=-0.0187197976
z2_6=0.0142351673
xabs1_6=0.0756465786
xabs2_6=0.044114421
attackOnU1_6=-0.0365595961
u1_6=-0.0006001542
uattacked1_6=-0.0162405596
attackOnY1_6=0.0285164722
attackOnY2_6=0.0
y1_6=-0.0187801707
y2_6=0.044114421
r1_6=-6.03731e-05
r2_6=0.0298792536
r_6=0.0299396268
x1_7=-0.032067889
x2_7=0.0372200647
z1_7=0.0030311839
z2_7=0.0138630387
xabs1_7=0.032067889
xabs2_7=0.0372200647
attackOnU1_7=0.0
u1_7=-0.0047516544
uattacked1_7=-0.0413112505
attackOnY1_7=0.0
attackOnY2_7=0.0
y1_7=-0.0035514167
y2_7=0.0372200647
r1_7=-0.0065826007
r2_7=0.023357026
r_7=0.0299396268
x1_8=-0.0154839976
x2_8=-6.03731e-05
z1_8=0.0116690902
z2_8=0.001586459
xabs1_8=0.0154839976
xabs2_8=6.03731e-05
attackOnU1_8=0.0
u1_8=-0.0011732847
uattacked1_8=-0.0011732847
attackOnY1_8=0.0
attackOnY2_8=0.0
y1_8=-0.0154839976
y2_8=-6.03731e-05
r1_8=-0.0271530878
r2_8=-0.0016468321
r_8=0.0287999199
x1_9=-0.010650353
x2_9=0.0075768293
z1_9=-0.0020762503
z2_9=0.0016854915
xabs1_9=0.010650353
xabs2_9=0.0075768293
attackOnU1_9=0.0
u1_9=-0.0011732847
uattacked1_9=-0.0011732847
attackOnY1_9=0.0
attackOnY2_9=0.0
y1_9=-0.010650353
y2_9=0.0075768293
r1_9=-0.0085741027
r2_9=0.0058913377
r_9=0.0144654404
x1_10=-0.0034124302
x2_10=0.0060078339
z1_10=-0.0023719472
z2_10=0.0038269645
xabs1_10=0.0034124302
xabs2_10=0.0060078339
attackOnU1_10=0.0
u1_10=-0.0011333141
uattacked1_10=-0.0011333141
attackOnY1_10=0.0
attackOnY2_10=0.0
y1_10=-0.0034124302
y2_10=0.0060078339
r1_10=-0.001040483
r2_10=0.0021808694
r_10=0.0032213524
attack on control signal component 1
[-0.02079815 -0.0939502   0.         -0.09073939 -0.01564041  0.         -0.0365596
  0.          0.          0.          0.          0.        ]
attack on sensor 1
[ 0.03326351  0.04998664  0.0558932   0.06833056  0.06526149  0.05686641
  0.02851647  0.          0.          0.          0.          0.        ]
attack on sensor 2
[ 0.  0.  0.  0.  0.  0.  0.  0.  0.  0.  0.  0.]
