sat
x1_0=4.03648e-05
x2_0=-0.005
z1_0=0.0
z2_0=0.0
xabs1_0=4.03648e-05
xabs2_0=0.005
attackOnU1_0=-0.0741244908
u1_0=0.0
uattacked1_0=0.0
attackOnY1_0=0.0021896782
attackOnY2_0=0.0
y1_0=0.0
y2_0=0.0
r1_0=0.0
r2_0=0.0
r_0=0.0
x1_1=-0.0026233592
x2_1=-0.0006713933
z1_1=0.0
z2_1=0.0
xabs1_1=0.0026233592
xabs2_1=0.0006713933
attackOnU1_1=0.0
u1_1=0.0
uattacked1_1=-0.0741244908
attackOnY1_1=0.0
attackOnY2_1=0.0
y1_1=-0.0004336809
y2_1=-0.0006713933
r1_1=-0.0004336809
r2_1=-0.0006713933
r_1=0.0011050743
x1_2=-0.0272895824
x2_2=-0.0379828808
z1_2=-0.0003374013
z2_2=8.07296e-05
xabs1_2=0.0272895824
xabs2_2=0.0379828808
attackOnU1_2=-0.127934699
u1_2=0.0
uattacked1_2=-0.0741244908
attackOnY1_2=0.0631834178
attackOnY2_2=0.0
y1_2=0.0
y2_2=0.0
r1_2=0.0003374013
r2_2=-8.07296e-05
r_2=0.0004181309
x1_3=-0.0633443781
x2_3=-0.0297602759
z1_3=-8.02307e-05
z2_3=7.82647e-05
xabs1_3=0.0633443781
xabs2_3=0.0297602759
attackOnU1_3=0.0
u1_3=-7.9297e-06
uattacked1_3=-0.1279426287
attackOnY1_3=0.0
attackOnY2_3=0.0
y1_3=-0.0001609603
y2_3=-0.0297602759
r1_3=-8.07296e-05
r2_3=-0.0298385407
r_3=0.0299192703
x1_4=-0.1010807296
x2_4=-0.0381059086
z1_4=-0.0080996366
z2_4=-0.0023135631
xabs1_4=0.1010807296
xabs2_4=0.0381059086
attackOnU1_4=-0.0654454913
u1_4=-7.9297e-06
uattacked1_4=-0.1279426287
attackOnY1_4=0.1183091369
attackOnY2_4=0.0
y1_4=0.0
y2_4=0.0
r1_4=0.0080996366
r2_4=0.0023135631
r_4=0.0104131998
x1_5=-0.1304099069
x2_5=-0.0191905746
z1_5=-0.0030341135
z2_5=0.0016620391
xabs1_5=0.1304099069
xabs2_5=0.0191905746
attackOnU1_5=0.0
u1_5=0.0012152037
uattacked1_5=-0.0642302875
attackOnY1_5=0.0
attackOnY2_5=0.0
y1_5=-0.01210077
y2_5=-0.0191905746
r1_5=-0.0090666565
r2_5=-0.0208526138
r_5=0.0299192703
x1_6=-0.1180798409
x2_6=0.0325804235
z1_6=-0.0096026669
z2_6=0.0036106576
xabs1_6=0.1180798409
xabs2_6=0.0325804235
attackOnU1_6=0.0010426728
u1_6=0.0012152037
uattacked1_6=-0.0642302875
attackOnY1_6=0.0808937788
attackOnY2_6=0.0
y1_6=0.0
y2_6=0.0
r1_6=0.0096026669
r2_6=-0.0036106576
r_6=0.0132133246
x1_7=-0.0825033682
x2_7=0.0327757183
z1_7=-0.0015288598
z2_7=0.0029371776
xabs1_7=0.0825033682
xabs2_7=0.0327757183
attackOnU1_7=0.0
u1_7=-0.0006597751
uattacked1_7=0.0003828977
attackOnY1_7=0.0
attackOnY2_7=0.0
y1_7=-0.0016095894
y2_7=0.0327757183
r1_7=-8.07296e-05
r2_7=0.0298385407
r_7=0.0299192703
x1_8=-0.0369509071
x2_8=0.0481905643
z1_8=0.0083506764
z2_8=0.0032545574
xabs1_8=0.0369509071
xabs2_8=0.0481905643
attackOnU1_8=0.0
u1_8=-0.0006597751
uattacked1_8=0.0003828977
attackOnY1_8=0.0
attackOnY2_8=0.0
y1_8=0.0
y2_8=0.0
r1_8=-0.0083506764
r2_8=-0.0032545574
r_8=0.0116052338
x1_9=0.0012835856
x2_9=0.0260516899
z1_9=0.0031270643
z2_9=-0.0020241017
xabs1_9=0.0012835856
xabs2_9=0.0260516899
attackOnU1_9=0.0
u1_9=-0.0015402542
uattacked1_9=-0.0015402542
attackOnY1_9=0.0
attackOnY2_9=0.0
y1_9=0.0012835856
y2_9=0.0260516899
r1_9=-0.0018434786
r2_9=0.0280757917
r_9=0.0299192703
x1_10=0.0141308757
x2_10=0.0018900845
z1_10=0.0073842134
z2_10=8.07296e-05
xabs1_10=0.0141308757
xabs2_10=0.0018900845
attackOnU1_10=0.0
u1_10=-0.0015402542
uattacked1_10=-0.0015402542
attackOnY1_10=0.0
attackOnY2_10=0.0
y1_10=0.0
y2_10=0.0
r1_10=-0.0073842134
r2_10=-8.07296e-05
r_10=0.0074649431
attack on control signal component 1
[-0.07412449  0.         -0.1279347   0.         -0.06544549  0.
  0.00104267  0.          0.          0.          0.          0.        ]
attack on sensor 1
[0.00218968 0.         0.06318342 0.         0.11830914 0.
 0.08089378 0.         0.         0.         0.         0.        ]
attack on sensor 2
[0. 0. 0. 0. 0. 0. 0. 0. 0. 0. 0. 0.]
