sat
x1_0=-0.0008413596
x2_0=-0.005
z1_0=0.0
z2_0=0.0
xabs1_0=0.0008413596
xabs2_0=0.005
attackOnU1_0=-0.0763281428
u1_0=0.0
uattacked1_0=0.0
attackOnY1_0=0.0327971386
attackOnY2_0=0.0
y1_0=0.0
y2_0=0.0
r1_0=0.0
r2_0=0.0
r_0=0.0
x1_1=-0.0032052973
x2_1=-0.0002040793
z1_1=0.0
z2_1=0.0
xabs1_1=0.0032052973
xabs2_1=0.0002040793
attackOnU1_1=-0.0916958008
u1_1=0.0
uattacked1_1=-0.0763281428
attackOnY1_1=0.0385691089
attackOnY2_1=0.0
y1_1=0.0295918412
y2_1=-0.0002040793
r1_1=0.0295918412
r2_1=-0.0002040793
r_1=0.0297959206
x1_2=-0.0281752269
x2_2=-0.0387816384
z1_2=0.0105979614
z2_2=-0.0091897971
xabs1_2=0.0281752269
xabs2_2=0.0387816384
attackOnU1_2=-0.1073127147
u1_2=0.0024489002
uattacked1_2=-0.0892469005
attackOnY1_2=0.0641832073
attackOnY2_2=0.0
y1_2=0.010393882
y2_2=-0.0387816384
r1_2=-0.0002040793
r2_2=-0.0295918412
r_2=0.0297959206
x1_3=-0.0694938643
x2_3=-0.0374096
z1_3=-0.0051065775
z2_3=-0.0078177587
xabs1_3=0.0694938643
xabs2_3=0.0374096
attackOnU1_3=-0.0334157122
u1_3=0.0028684767
uattacked1_3=-0.1044442379
attackOnY1_3=0.086398263
attackOnY2_3=0.0
y1_3=-0.0053106569
y2_3=-0.0374096
r1_3=-0.0002040793
r2_3=-0.0295918412
r_3=0.0297959206
x1_4=-0.1012040793
x2_4=-0.023386946
z1_4=-0.0146017369
z2_4=0.0009063874
xabs1_4=0.1012040793
xabs2_4=0.023386946
attackOnU1_4=0.0
u1_4=0.0005122048
uattacked1_4=-0.0329035073
attackOnY1_4=0.0745576069
attackOnY2_4=0.0
y1_4=-0.0148058163
y2_4=-0.023386946
r1_4=-0.0002040793
r2_4=-0.0242933334
r_4=0.0244974128
x1_5=-0.0903769662
x2_5=0.0331590001
z1_5=-0.0156152799
z2_5=0.0062480174
xabs1_5=0.0903769662
xabs2_5=0.0331590001
attackOnU1_5=0.0
u1_5=0.0005122048
uattacked1_5=-0.0329035073
attackOnY1_5=0.0534296516
attackOnY2_5=0.0
y1_5=-0.0158193593
y2_5=0.0331590001
r1_5=-0.0002040793
r2_5=0.0269109827
r_5=0.027115062
x1_6=-0.0532617201
x2_6=0.0347716032
z1_6=0.0003720108
z2_6=0.0115759524
xabs1_6=0.0532617201
xabs2_6=0.0347716032
attackOnU1_6=0.0
u1_6=0.0005122048
uattacked1_6=-0.0329035073
attackOnY1_6=0.0226714141
attackOnY2_6=0.0
y1_6=0.0001679315
y2_6=0.0347716032
r1_6=-0.0002040793
r2_6=0.0231956507
r_6=0.0233997301
x1_7=-0.027910978
x2_7=0.0153101612
z1_7=0.0127442887
z2_7=0.0034980933
xabs1_7=0.027910978
xabs2_7=0.0153101612
attackOnU1_7=0.0
u1_7=0.0005122048
uattacked1_7=-0.0329035073
attackOnY1_7=0.0
attackOnY2_7=0.0
y1_7=-0.0052395639
y2_7=0.0153101612
r1_7=-0.0179838527
r2_7=0.0118120679
r_7=0.0297959206
x1_8=-0.0214940525
x2_8=-0.0006557195
z1_8=0.007154441
z2_8=0.0004917074
xabs1_8=0.0214940525
xabs2_8=0.0006557195
attackOnU1_8=0.0
u1_8=-0.0005603454
uattacked1_8=-0.0005603454
attackOnY1_8=0.0
attackOnY2_8=0.0
y1_8=-0.0214940525
y2_8=-0.0006557195
r1_8=-0.0286484936
r2_8=-0.0011474269
r_8=0.0297959206
x1_9=-0.0147241235
x2_9=0.0110096212
z1_9=-0.0058312443
z2_9=0.004764324
xabs1_9=0.0147241235
xabs2_9=0.0110096212
attackOnU1_9=0.0
u1_9=-0.0012508683
uattacked1_9=-0.0012508683
attackOnY1_9=0.0
attackOnY2_9=0.0
y1_9=-0.0147241235
y2_9=0.0110096212
r1_9=-0.0088928791
r2_9=0.0062452972
r_9=0.0151381763
x1_10=-0.0043081174
x2_10=0.008572076
z1_10=-0.003264031
z2_10=0.0063033777
xabs1_10=0.0043081174
xabs2_10=0.008572076
attackOnU1_10=0.0
u1_10=-0.0019024165
uattacked1_10=-0.0019024165
attackOnY1_10=0.0
attackOnY2_10=0.0
y1_10=-0.0043081174
y2_10=0.008572076
r1_10=-0.0010440864
r2_10=0.0022686982
r_10=0.0033127847
attack on control signal component 1
[-0.07632814 -0.0916958  -0.10731271 -0.03341571  0.          0.          0.
  0.          0.          0.          0.          0.        ]
attack on sensor 1
[ 0.03279714  0.03856911  0.06418321  0.08639826  0.07455761  0.05342965
  0.02267141  0.          0.          0.          0.          0.        ]
attack on sensor 2
[ 0.  0.  0.  0.  0.  0.  0.  0.  0.  0.  0.  0.]
