sat
x1_0=-2.29383e-05
x2_0=5.02047e-05
z1_0=0.0
z2_0=0.0
xabs1_0=2.29383e-05
xabs2_0=5.02047e-05
attackOnU1_0=-0.0740303317
u1_0=0.0
uattacked1_0=0.0
attackOnY1_0=0.0299469084
attackOnY2_0=0.0
y1_0=0.0
y2_0=0.0
r1_0=0.0
r2_0=0.0
r_0=0.0
x1_1=1.14691e-05
x2_1=1.86839e-05
z1_1=0.0
z2_1=0.0
xabs1_1=1.14691e-05
xabs2_1=1.86839e-05
attackOnU1_1=-0.0896424773
u1_1=0.0
uattacked1_1=-0.0740303317
attackOnY1_1=0.0359199628
attackOnY2_1=0.0
y1_1=0.0299583776
y2_1=1.86839e-05
r1_1=0.0299583776
r2_1=1.86839e-05
r_1=0.0299770616
x1_2=-0.0251528406
x2_2=-0.0392397255
z1_2=0.0107900606
z2_2=-0.0092856023
xabs1_2=0.0251528406
xabs2_2=0.0392397255
attackOnU1_2=-0.110733246
u1_2=0.0024698927
uattacked1_2=-0.0871725846
attackOnY1_2=0.0619920405
attackOnY2_2=0.0
y1_2=0.0107671222
y2_2=-0.0392397255
r1_2=-2.29383e-05
r2_2=-0.0299541232
r_2=0.0299770616
x1_3=-0.0670366081
x2_3=-0.0379716286
z1_3=-0.0050560367
z2_3=-0.0080060362
xabs1_3=0.0670366081
xabs2_3=0.0379716286
attackOnU1_3=-0.060200517
u1_3=0.0029279112
uattacked1_3=-0.1078053348
attackOnY1_3=0.0837082438
attackOnY2_3=0.0
y1_3=-0.0050445675
y2_3=-0.0379716286
r1_3=1.14691e-05
r2_3=-0.0299655924
r_3=0.0299770616
x1_4=-0.1010229383
x2_4=-0.0265437368
z1_4=-0.0146712747
z2_4=0.0007899048
xabs1_4=0.1010229383
xabs2_4=0.0265437368
attackOnU1_4=-0.0174722689
u1_4=0.0005545803
uattacked1_4=-0.0596459367
attackOnY1_4=0.0653122934
attackOnY2_4=0.0
y1_4=-0.0173146945
y2_4=-0.0265437368
r1_4=-0.0026434198
r2_4=-0.0273336417
r_4=0.0299770616
x1_5=-0.1010229383
x2_5=0.018479125
z1_5=-0.0174075488
z2_5=0.0068051596
xabs1_5=0.1010229383
xabs2_5=0.018479125
attackOnU1_5=0.0022028196
u1_5=-0.001281926
uattacked1_5=-0.0187541949
attackOnY1_5=0.0515138521
attackOnY2_5=0.0
y1_5=-0.0357106449
y2_5=0.018479125
r1_5=-0.0183030961
r2_5=0.0116739654
r_5=0.0299770616
x1_6=-0.0632576293
x2_6=0.0460047202
z1_6=-0.0117552464
z2_6=0.0160391278
xabs1_6=0.0632576293
xabs2_6=0.0460047202
attackOnU1_6=-0.0244856382
u1_6=-0.0046489439
uattacked1_6=-0.0024461243
attackOnY1_6=0.0254671581
attackOnY2_6=0.0
y1_6=-0.0117437772
y2_6=0.0460047202
r1_6=1.14691e-05
r2_6=0.0299655924
r_6=0.0299770616
x1_7=-0.0181992158
x2_7=0.0382107112
z1_7=0.007256473
z2_7=0.0082451188
xabs1_7=0.0181992158
xabs2_7=0.0382107112
attackOnU1_7=0.0
u1_7=-0.0031292961
uattacked1_7=-0.0276149344
attackOnY1_7=0.0
attackOnY2_7=0.0
y1_7=0.0072679422
y2_7=0.0382107112
r1_7=1.14691e-05
r2_7=0.0299655924
r_7=0.0299770616
x1_8=-0.0011488832
x2_8=-2.29383e-05
z1_8=0.0161900633
z2_8=-0.0020389002
xabs1_8=0.0011488832
xabs2_8=2.29383e-05
attackOnU1_8=0.0
u1_8=-0.000226107
uattacked1_8=-0.000226107
attackOnY1_8=0.0
attackOnY2_8=0.0
y1_8=-0.0011488832
y2_8=-2.29383e-05
r1_8=-0.0173389465
r2_8=0.0020159619
r_8=0.0193549085
x1_9=-0.0008472966
x2_9=0.0004860893
z1_9=0.0038302371
z2_9=-0.0034292769
xabs1_9=0.0008472966
xabs2_9=0.0004860893
attackOnU1_9=0.0
u1_9=0.0009207577
uattacked1_9=0.0009207577
attackOnY1_9=0.0
attackOnY2_9=0.0
y1_9=-0.0008472966
y2_9=0.0004860893
r1_9=-0.0046775338
r2_9=0.0039153663
r_9=0.0085929002
x1_10=1.14691e-05
x2_10=0.0010002604
z1_10=0.0003967341
z2_10=-0.0002245652
xabs1_10=1.14691e-05
xabs2_10=0.0010002604
attackOnU1_10=0.0
u1_10=5.21828e-05
uattacked1_10=5.21828e-05
attackOnY1_10=0.0
attackOnY2_10=0.0
y1_10=1.14691e-05
y2_10=0.0010002604
r1_10=-0.0003852649
r2_10=0.0012248257
r_10=0.0016100906
attack on control signal component 1
[-0.07403033 -0.08964248 -0.11073325 -0.06020052 -0.01747227  0.00220282
 -0.02448564  0.          0.          0.          0.          0.        ]
attack on sensor 1
[0.02994691 0.03591996 0.06199204 0.08370824 0.06531229 0.05151385
 0.02546716 0.         0.         0.         0.         0.        ]
attack on sensor 2
[0. 0. 0. 0. 0. 0. 0. 0. 0. 0. 0. 0.]
