sat
x1_0=0.0
x2_0=0.0
z1_0=0.0
z2_0=0.0
xabs1_0=0.0
xabs2_0=0.0
attackOnU1_0=2.59450832548e+12
u1_0=0.0
uattacked1_0=2.59450832548e+12
attackOnY1_0=0.0
y1_0=0.0
r1_0=0.0
r_0=0.0
x1_1=-1.2130032513e+11
x2_1=-2.59450832545e+12
z1_1=0.0
z2_1=0.0
xabs1_1=1.2130032513e+11
xabs2_1=2.59450832545e+12
attackOnU1_1=0.0
u1_1=0.0
uattacked1_1=2.59450832548e+12
attackOnY1_1=0.0
y1_1=0.0
r1_1=0.0
r_1=0.0
x1_2=-2.41031437242e+11
x2_2=-2.59450832548e+12
z1_2=0.0
z2_2=0.0
xabs1_2=2.41031437242e+11
xabs2_2=2.59450832548e+12
attackOnU1_2=0.0
u1_2=0.0
uattacked1_2=2.59450832548e+12
attackOnY1_2=0.0
y1_2=0.0
r1_2=0.0
r_2=0.0
x1_3=-3.54355156605e+11
x2_3=-2.59450832548e+12
z1_3=0.0
z2_3=0.0
xabs1_3=3.54355156605e+11
xabs2_3=2.59450832548e+12
attackOnU1_3=-2.23215216258e+12
u1_3=0.0
uattacked1_3=-2.23215216258e+12
attackOnY1_3=3.54355156605e+11
y1_3=-5e-06
r1_3=-5e-06
r_3=5e-06
x1_4=-2.35954860395e+11
x2_4=2.23215216251e+12
z1_4=-3.0355e-06
z2_4=-1.9644e-06
xabs1_4=2.35954860395e+11
xabs2_4=2.23215216251e+12
attackOnU1_4=0.0
u1_4=0.0
uattacked1_4=-2.23215216258e+12
attackOnY1_4=0.0
y1_4=0.0
r1_4=0.0
r_4=0.0
x1_5=-1.14733868474e+11
x2_5=2.23215216258e+12
z1_5=-2.8768e-06
z2_5=-0.0
xabs1_5=1.14733868474e+11
xabs2_5=2.23215216258e+12
attackOnU1_5=0.0
u1_5=0.0
uattacked1_5=-2.23215216258e+12
attackOnY1_5=0.0
y1_5=0.0
r1_5=0.0
r_5=0.0
x1_6=-7.7229e-06
x2_6=2.23215216258e+12
z1_6=-2.7229e-06
z2_6=-0.0
xabs1_6=7.7229e-06
xabs2_6=2.23215216258e+12
attackOnU1_6=0.0
u1_6=-1.068e-06
uattacked1_6=-1.068e-06
attackOnY1_6=0.0
y1_6=-7.7229e-06
r1_6=-5e-06
r_6=5e-06
x1_7=4234714110.69
x2_7=31.000005
z1_7=-5.5628e-06
z2_7=-8.964e-07
xabs1_7=4234714110.69
xabs2_7=31.000005
attackOnU1_7=0.0
u1_7=-1.068e-06
uattacked1_7=-1.068e-06
attackOnY1_7=0.0
y1_7=0.0
r1_7=0.0
r_7=0.0
attack on control signal component 1
[ 2.59450833e+12  0.00000000e+00  0.00000000e+00 -2.23215216e+12
  0.00000000e+00  0.00000000e+00  0.00000000e+00  0.00000000e+00
  0.00000000e+00]
attack on sensor 1
[0.00000000e+00 0.00000000e+00 0.00000000e+00 3.54355157e+11
 0.00000000e+00 0.00000000e+00 0.00000000e+00 0.00000000e+00
 0.00000000e+00]
