sat
x1_0=0.0
x2_0=0.0
z1_0=0.0
z2_0=0.0
xabs1_0=0.0
xabs2_0=0.0
attackOnU1_0=49.5929964878
u1_0=0.0
uattacked1_0=49.5929964878
attackOnY1_0=-5e-06
y1_0=-5e-06
r1_0=-5e-06
r_0=5e-06
x1_1=-2.3186075523
x2_1=-49.5929964871
z1_1=-3.0355e-06
z2_1=-1.9644e-06
xabs1_1=2.3186075523
xabs2_1=49.5929964871
attackOnU1_1=0.0
u1_1=0.0
uattacked1_1=49.5929964878
attackOnY1_1=0.0
y1_1=0.0
r1_1=0.0
r_1=0.0
x1_2=-4.6072202209
x2_2=-49.5929964878
z1_2=-2.8768e-06
z2_2=-0.0
xabs1_2=4.6072202209
xabs2_2=49.5929964878
attackOnU1_2=0.0
u1_2=0.0
uattacked1_2=49.5929964878
attackOnY1_2=0.0
y1_2=0.0
r1_2=0.0
r_2=0.0
x1_3=-6.7733581211
x2_3=-49.5929964878
z1_3=-2.7229e-06
z2_3=-0.0
xabs1_3=6.7733581211
xabs2_3=49.5929964878
attackOnU1_3=-31.0000039319
u1_3=-1.068e-06
uattacked1_3=-31.000005
attackOnY1_3=6.7733553982
y1_3=-2.7229e-06
r1_3=0.0
r_3=0.0
x1_4=-5.05563332
x2_4=31.0000049988
z1_4=-2.5272e-06
z2_4=1.068e-06
xabs1_4=5.05563332
xabs2_4=31.0000049988
attackOnU1_4=0.0
u1_4=-1.068e-06
uattacked1_4=-31.000005
attackOnY1_4=0.0
y1_4=0.0
r1_4=0.0
r_4=0.0
x1_5=-3.2769357772
x2_5=31.0000049999
z1_5=-2.34e-06
z2_5=1.068e-06
xabs1_5=3.2769357772
xabs2_5=31.0000049999
attackOnU1_5=0.0
u1_5=-1.068e-06
uattacked1_5=-31.000005
attackOnY1_5=0.0
y1_5=0.0
r1_5=0.0
r_5=0.0
x1_6=-1.5934249703
x2_6=31.0000049999
z1_6=-2.1628e-06
z2_6=1.068e-06
xabs1_6=1.5934249703
xabs2_6=31.0000049999
attackOnU1_6=0.0
u1_6=-1.068e-06
uattacked1_6=-31.000005
attackOnY1_6=0.0
y1_6=0.0
r1_6=0.0
r_6=0.0
x1_7=-6.9951e-06
x2_7=31.000005
z1_7=-1.9951e-06
z2_7=1.068e-06
xabs1_7=6.9951e-06
xabs2_7=31.000005
attackOnU1_7=0.0
u1_7=-8.021e-07
uattacked1_7=-8.021e-07
attackOnY1_7=0.0
y1_7=-6.9951e-06
r1_7=-5e-06
r_7=5e-06
attack on control signal component 1
[ 49.59299649   0.           0.         -31.00000393   0.
   0.           0.           0.           0.        ]
attack on sensor 1
[-5.0000000e-06  0.0000000e+00  0.0000000e+00  6.7733554e+00
  0.0000000e+00  0.0000000e+00  0.0000000e+00  0.0000000e+00
  0.0000000e+00]
