sat
x1_0=0.0
x2_0=0.0
z1_0=0.0
z2_0=0.0
xabs1_0=0.0
xabs2_0=0.0
attackOnU1_0=-663.063005018
u1_0=0.0
uattacked1_0=-663.063005018
attackOnY1_0=9.9999e-06
y1_0=9.9999e-06
r1_0=9.9999e-06
r_0=9.9999e-06
x1_1=31.0
x2_1=663.063005008
z1_1=6.0711e-06
z2_1=3.9288e-06
xabs1_1=31.0
xabs2_1=663.063005008
attackOnU1_1=627.579283329
u1_1=0.0
uattacked1_1=627.579283329
attackOnY1_1=-31.0000032024
y1_1=-3.2024e-06
r1_1=-9.2736e-06
r_1=9.2736e-06
x1_2=1.2579261538
x2_2=-627.579283311
z1_2=1.235e-07
z2_2=-3.6434e-06
xabs1_2=1.2579261538
xabs2_2=627.579283311
attackOnU1_2=6.105e-07
u1_2=2.2567e-06
uattacked1_2=2.8672e-06
attackOnY1_2=-1.2579260303
y1_2=1.235e-07
r1_2=0.0
r_2=0.0
x1_3=7.9e-09
x2_3=-2.876e-06
z1_3=4.5e-09
z2_3=-2.2567e-06
xabs1_3=7.9e-09
xabs2_3=2.876e-06
attackOnU1_3=0.0
u1_3=4.31e-08
uattacked1_3=4.31e-08
attackOnY1_3=0.0
y1_3=7.9e-09
r1_3=3.4e-09
r_3=3.4e-09
x1_4=0.0
x2_4=-4.31e-08
z1_4=0.0
z2_4=-4.17e-08
xabs1_4=0.0
xabs2_4=4.31e-08
attackOnU1_4=0.0
u1_4=-0.0
uattacked1_4=-0.0
attackOnY1_4=0.0
y1_4=0.0
r1_4=0.0
r_4=0.0
x1_5=-0.0
x2_5=-0.0
z1_5=0.0
z2_5=-0.0
xabs1_5=0.0
xabs2_5=0.0
attackOnU1_5=0.0
u1_5=-0.0
uattacked1_5=-0.0
attackOnY1_5=0.0
y1_5=-0.0
r1_5=-0.0
r_5=0.0
x1_6=-0.0
x2_6=0.0
z1_6=-0.0
z2_6=-0.0
xabs1_6=0.0
xabs2_6=0.0
attackOnU1_6=0.0
u1_6=0.0
uattacked1_6=0.0
attackOnY1_6=0.0
y1_6=-0.0
r1_6=-0.0
r_6=0.0
attack on control signal component 1
[-6.63063005e+02  6.27579283e+02  6.10500000e-07  0.00000000e+00
  0.00000000e+00  0.00000000e+00  0.00000000e+00  0.00000000e+00]
attack on sensor 1
[ 9.99990000e-06 -3.10000032e+01 -1.25792603e+00  0.00000000e+00
  0.00000000e+00  0.00000000e+00  0.00000000e+00  0.00000000e+00]
