sat
x1_0=0.0
x2_0=0.0
z1_0=0.0
z2_0=0.0
xabs1_0=0.0
xabs2_0=0.0
attackOnU1_0=38.1981152986
u1_0=0.0
uattacked1_0=38.1981152986
attackOnY1_0=9.9632e-06
y1_0=9.9632e-06
r1_0=9.9632e-06
r_0=9.9632e-06
x1_1=-1.7858658457
x2_1=-38.198115298
z1_1=6.0488e-06
z2_1=3.9143e-06
xabs1_1=1.7858658457
xabs2_1=38.198115298
attackOnU1_1=0.0
u1_1=0.0
uattacked1_1=38.1981152986
attackOnY1_1=0.0
y1_1=0.0
r1_1=0.0
r_1=0.0
x1_2=-3.5486286707
x2_2=-38.1981152986
z1_2=5.7325e-06
z2_2=0.0
xabs1_2=3.5486286707
xabs2_2=38.1981152986
attackOnU1_2=0.0
u1_2=0.0
uattacked1_2=38.1981152986
attackOnY1_2=0.0
y1_2=0.0
r1_2=0.0
r_2=0.0
x1_3=-5.2170575039
x2_3=-38.1981152986
z1_3=5.4258e-06
z2_3=0.0
xabs1_3=5.2170575039
xabs2_3=38.1981152986
attackOnU1_3=0.0
u1_3=0.0
uattacked1_3=38.1981152986
attackOnY1_3=0.0
y1_3=0.0
r1_3=0.0
r_3=0.0
x1_4=-6.796200615
x2_4=-38.1981152986
z1_4=5.1354e-06
z2_4=0.0
xabs1_4=6.796200615
xabs2_4=38.1981152986
attackOnU1_4=-31.000002051
u1_4=2.0142e-06
uattacked1_4=-31.0000000367
attackOnY1_4=6.7961984512
y1_4=-2.1637e-06
r1_4=-7.2992e-06
r_4=7.2992e-06
x1_5=-5.0556359026
x2_5=31.0000000357
z1_5=3.349e-07
z2_5=-4.882e-06
xabs1_5=5.0556359026
xabs2_5=31.0000000357
attackOnU1_5=0.0
u1_5=2.0142e-06
uattacked1_5=-31.0000000367
attackOnY1_5=0.0
y1_5=0.0
r1_5=0.0
r_5=0.0
x1_6=-3.2769384631
x2_6=31.0000000367
z1_6=2.136e-07
z2_6=-2.0142e-06
xabs1_6=3.2769384631
xabs2_6=31.0000000367
attackOnU1_6=0.0
u1_6=2.0142e-06
uattacked1_6=-31.0000000367
attackOnY1_6=0.0
y1_6=0.0
r1_6=0.0
r_6=0.0
x1_7=-1.5934277539
x2_7=31.0000000367
z1_7=1.041e-07
z2_7=-2.0142e-06
xabs1_7=1.5934277539
xabs2_7=31.0000000367
attackOnU1_7=0.0
u1_7=2.0142e-06
uattacked1_7=-31.0000000367
attackOnY1_7=0.0
y1_7=0.0
r1_7=0.0
r_7=0.0
x1_8=-9.8712e-06
x2_8=31.0000000367
z1_8=6e-10
z2_8=-2.0142e-06
xabs1_8=9.8712e-06
xabs2_8=31.0000000367
attackOnU1_8=0.0
u1_8=3.71e-08
uattacked1_8=3.71e-08
attackOnY1_8=0.0
y1_8=-9.8712e-06
r1_8=-9.8718e-06
r_8=9.8718e-06
attack on control signal component 1
[ 38.1981153    0.           0.           0.         -31.00000205
   0.           0.           0.           0.           0.        ]
attack on sensor 1
[9.96320000e-06 0.00000000e+00 0.00000000e+00 0.00000000e+00
 6.79619845e+00 0.00000000e+00 0.00000000e+00 0.00000000e+00
 0.00000000e+00 0.00000000e+00]
