sat
x1_0=0.0
x2_0=0.0
z1_0=0.0
z2_0=0.0
xabs1_0=0.0
xabs2_0=0.0
attackOnU1_0=-72.4171611872
u1_0=0.0
uattacked1_0=-72.4171611872
attackOnY1_0=-3e-10
y1_0=-3e-10
r1_0=-3e-10
r_0=3e-10
x1_1=3.3856993676
x2_1=72.4171611862
z1_1=-1e-10
z2_1=-1e-10
xabs1_1=3.3856993676
xabs2_1=72.4171611862
attackOnU1_1=0.0
u1_1=0.0
uattacked1_1=-72.4171611872
attackOnY1_1=0.0
y1_1=0.0
r1_1=0.0
r_1=0.0
x1_2=6.7275993183
x2_2=72.4171611872
z1_2=-1e-10
z2_2=-0.0
xabs1_2=6.7275993183
xabs2_2=72.4171611872
attackOnU1_2=31.0000000003
u1_2=-0.0
uattacked1_2=31.0000000003
attackOnY1_2=-6.7275993188
y1_2=-4e-10
r1_2=-3e-10
r_2=3e-10
x1_3=5.0556242539
x2_3=-30.9999999988
z1_3=-3e-10
z2_3=-0.0
xabs1_3=5.0556242539
xabs2_3=30.9999999988
attackOnU1_3=0.0
u1_3=-0.0
uattacked1_3=31.0000000003
attackOnY1_3=0.0
y1_3=0.0
r1_3=0.0
r_3=0.0
x1_4=3.2769274395
x2_4=-31.0000000003
z1_4=-3e-10
z2_4=0.0
xabs1_4=3.2769274395
xabs2_4=31.0000000003
attackOnU1_4=0.0
u1_4=-0.0
uattacked1_4=31.0000000003
attackOnY1_4=0.0
y1_4=0.0
r1_4=0.0
r_4=0.0
x1_5=1.593417322
x2_5=-31.0000000003
z1_5=-3e-10
z2_5=0.0
xabs1_5=1.593417322
xabs2_5=31.0000000003
attackOnU1_5=0.0
u1_5=-0.0
uattacked1_5=31.0000000003
attackOnY1_5=0.0
y1_5=0.0
r1_5=0.0
r_5=0.0
x1_6=-6e-10
x2_6=-31.0000000003
z1_6=-2e-10
z2_6=0.0
xabs1_6=6e-10
xabs2_6=31.0000000003
attackOnU1_6=0.0
u1_6=-1e-10
uattacked1_6=-1e-10
attackOnY1_6=0.0
y1_6=-6e-10
r1_6=-3e-10
r_6=3e-10
attack on control signal component 1
[-72.41716119   0.          31.           0.           0.
   0.           0.           0.        ]
attack on sensor 1
[-3.00000000e-10  0.00000000e+00 -6.72759932e+00  0.00000000e+00
  0.00000000e+00  0.00000000e+00  0.00000000e+00  0.00000000e+00]
