sat
x1_0=-1.6872214817
x2_0=-0.0002614975
z1_0=0.0
z2_0=0.0
xabs1_0=1.6872214817
xabs2_0=0.0002614975
attackOnU1_0=-31.0000000004
u1_0=0.0
uattacked1_0=0.0
attackOnY1_0=1.5969305699
y1_0=0.0
r1_0=0.0
r_0=0.0
x1_1=-1.5969305699
x2_1=-0.0
z1_1=0.0
z2_1=0.0
xabs1_1=1.5969305699
xabs2_1=0.0
attackOnU1_1=0.0003437488
u1_1=0.0
uattacked1_1=-31.0000000004
attackOnY1_1=0.0621267007
y1_1=-0.0
r1_1=-0.0
r_1=0.0
x1_2=-0.0621367007
x2_2=31.0
z1_2=-0.0
z2_2=-0.0
xabs1_2=0.0621367007
xabs2_2=31.0
attackOnU1_2=0.0
u1_2=0.0
uattacked1_2=0.0003437488
attackOnY1_2=0.0
y1_2=-9.9999e-06
r1_2=-9.9999e-06
r_2=9.9999e-06
x1_3=-1.60711e-05
x2_3=-0.0003437484
z1_3=-6.0711e-06
z2_3=-3.9288e-06
xabs1_3=1.60711e-05
xabs2_3=0.0003437484
attackOnU1_3=0.0
u1_3=-0.0
uattacked1_3=-0.0
attackOnY1_3=0.0
y1_3=-1.60711e-05
r1_3=-9.9999e-06
r_3=9.9999e-06
x1_4=-1.58632e-05
x2_4=-0.0
z1_4=-1.18249e-05
z2_4=-3.9288e-06
xabs1_4=1.58632e-05
xabs2_4=0.0
attackOnU1_4=0.0
u1_4=-2.2567e-06
uattacked1_4=-2.2567e-06
attackOnY1_4=0.0
y1_4=-1.58632e-05
r1_4=-4.0383e-06
r_4=4.0383e-06
x1_5=-1.49088e-05
x2_5=2.2567e-06
z1_5=-1.35457e-05
z2_5=6.701e-07
xabs1_5=1.49088e-05
xabs2_5=2.2567e-06
attackOnU1_5=0.0
u1_5=-4.3928e-06
uattacked1_5=-4.3928e-06
attackOnY1_5=0.0
y1_5=-1.49088e-05
r1_5=-1.363e-06
r_5=1.363e-06
attack on control signal component 1
[-3.100000e+01  3.437488e-04  0.000000e+00  0.000000e+00  0.000000e+00
  0.000000e+00  0.000000e+00]
attack on sensor 1
[1.59693057 0.0621267  0.         0.         0.         0.
 0.        ]
