sat
x1_0=0.0
x2_0=0.0
z1_0=0.0
z2_0=0.0
xabs1_0=0.0
xabs2_0=0.0
attackOnU1_0=-31.0000000004
u1_0=0.0
uattacked1_0=-31.0000000004
attackOnY1_0=-0.0
y1_0=-0.0
r1_0=-0.0
r_0=0.0
x1_1=1.449334366
x2_1=31.0
z1_1=-0.0
z2_1=-0.0
xabs1_1=1.449334366
xabs2_1=31.0
attackOnU1_1=0.0
u1_1=0.0
uattacked1_1=-31.0000000004
attackOnY1_1=0.0
y1_1=0.0
r1_1=0.0
r_1=0.0
x1_2=2.8799192822
x2_2=31.0000000004
z1_2=-0.0
z2_2=-0.0
xabs1_2=2.8799192822
xabs2_2=31.0000000004
attackOnU1_2=27.7647728149
u1_2=-0.0
uattacked1_2=27.7647728149
attackOnY1_2=-2.8799192822
y1_2=-0.0
r1_2=-0.0
r_2=0.0
x1_3=1.4865336018
x2_3=-27.7647728141
z1_3=-0.0
z2_3=-0.0
xabs1_3=1.4865336018
xabs2_3=27.7647728141
attackOnU1_3=0.0
u1_3=-0.0
uattacked1_3=27.7647728149
attackOnY1_3=0.0
y1_3=0.0
r1_3=0.0
r_3=0.0
x1_4=0.0562295131
x2_4=-27.7647728149
z1_4=-0.0
z2_4=0.0
xabs1_4=0.0562295131
xabs2_4=27.7647728149
attackOnU1_4=0.0055691112
u1_4=-0.0
uattacked1_4=0.0055691112
attackOnY1_4=-0.0562295131
y1_4=-0.0
r1_4=-0.0
r_4=0.0
x1_5=0.0002862554
x2_5=-0.0055691116
z1_5=-0.0
z2_5=0.0
xabs1_5=0.0002862554
xabs2_5=0.0055691116
attackOnU1_5=0.0
u1_5=-0.0
uattacked1_5=0.0055691112
attackOnY1_5=0.0
y1_5=0.0
r1_5=0.0
r_5=0.0
x1_6=-0.0
x2_6=-0.0055691112
z1_6=-0.0
z2_6=0.0
xabs1_6=0.0
xabs2_6=0.0055691112
attackOnU1_6=0.0
u1_6=-0.0
uattacked1_6=-0.0
attackOnY1_6=0.0
y1_6=-0.0
r1_6=-0.0
r_6=0.0
x1_7=-1.05654e-05
x2_7=-0.0
z1_7=-0.0
z2_7=0.0
xabs1_7=1.05654e-05
xabs2_7=0.0
attackOnU1_7=0.0
u1_7=-0.0
uattacked1_7=-0.0
attackOnY1_7=0.0
y1_7=0.0
r1_7=0.0
r_7=0.0
x1_8=-1e-05
x2_8=0.0
z1_8=-0.0
z2_8=0.0
xabs1_8=1e-05
xabs2_8=0.0
attackOnU1_8=0.0
u1_8=-0.0
uattacked1_8=-0.0
attackOnY1_8=0.0
y1_8=-1e-05
r1_8=-9.9999e-06
r_8=9.9999e-06
attack on control signal component 1
[-3.10000000e+01  0.00000000e+00  2.77647728e+01  0.00000000e+00
  5.56911120e-03  0.00000000e+00  0.00000000e+00  0.00000000e+00
  0.00000000e+00  0.00000000e+00]
attack on sensor 1
[-0.          0.         -2.87991928  0.         -0.05622951  0.
  0.          0.          0.          0.        ]
