sat
x1_0=0.0
x2_0=0.0
z1_0=0.0
z2_0=0.0
xabs1_0=0.0
xabs2_0=0.0
attackOnU1_0=0.0
u1_0=0.0
uattacked1_0=0.0
attackOnY1_0=0.0
y1_0=0.0
r1_0=0.0
r_0=0.0
x1_1=0.0
x2_1=0.0
z1_1=0.0
z2_1=0.0
xabs1_1=0.0
xabs2_1=0.0
attackOnU1_1=0.0
u1_1=0.0
uattacked1_1=0.0
attackOnY1_1=0.0
y1_1=0.0
r1_1=0.0
r_1=0.0
x1_2=0.0
x2_2=0.0
z1_2=0.0
z2_2=0.0
xabs1_2=0.0
xabs2_2=0.0
attackOnU1_2=0.0
u1_2=0.0
uattacked1_2=0.0
attackOnY1_2=0.0
y1_2=0.0
r1_2=0.0
r_2=0.0
x1_3=0.0
x2_3=0.0
z1_3=0.0
z2_3=0.0
xabs1_3=0.0
xabs2_3=0.0
attackOnU1_3=0.0
u1_3=0.0
uattacked1_3=0.0
attackOnY1_3=0.0
y1_3=0.0
r1_3=0.0
r_3=0.0
x1_4=0.0
x2_4=0.0
z1_4=0.0
z2_4=0.0
xabs1_4=0.0
xabs2_4=0.0
attackOnU1_4=72.4171625104
u1_4=0.0
uattacked1_4=72.4171625104
attackOnY1_4=1.04e-07
y1_4=1.04e-07
r1_4=1.04e-07
r_4=1.04e-07
x1_5=-3.3856994295
x2_5=-72.4171625094
z1_5=6.31e-08
z2_5=4.08e-08
xabs1_5=3.3856994295
xabs2_5=72.4171625094
attackOnU1_5=0.0
u1_5=0.0
uattacked1_5=72.4171625104
attackOnY1_5=0.0
y1_5=0.0
r1_5=0.0
r_5=0.0
x1_6=-6.7275994412
x2_6=-72.4171625104
z1_6=5.98e-08
z2_6=0.0
xabs1_6=6.7275994412
xabs2_6=72.4171625104
attackOnU1_6=-31.0000001085
u1_6=2.34e-08
uattacked1_6=-31.000000085
attackOnY1_6=6.727599416
y1_6=-2.52e-08
r1_6=-8.5e-08
r_6=8.5e-08
x1_7=-5.0556243688
x2_7=31.0000000836
z1_7=3.8e-09
z2_7=-5.69e-08
xabs1_7=5.0556243688
xabs2_7=31.0000000836
attackOnU1_7=0.0
u1_7=2.34e-08
uattacked1_7=-31.000000085
attackOnY1_7=0.0
y1_7=0.0
r1_7=0.0
r_7=0.0
x1_8=-3.2769275441
x2_8=31.000000085
z1_8=2.4e-09
z2_8=-2.34e-08
xabs1_8=3.2769275441
xabs2_8=31.000000085
attackOnU1_8=0.0
u1_8=2.34e-08
uattacked1_8=-31.000000085
attackOnY1_8=0.0
y1_8=0.0
r1_8=0.0
r_8=0.0
x1_9=-1.5934174169
x2_9=31.000000085
z1_9=1.2e-09
z2_9=-2.34e-08
xabs1_9=1.5934174169
xabs2_9=31.000000085
attackOnU1_9=0.0
u1_9=2.34e-08
uattacked1_9=-31.000000085
attackOnY1_9=0.0
y1_9=0.0
r1_9=0.0
r_9=0.0
x1_10=-8.5e-08
x2_10=31.000000085
z1_10=0.0
z2_10=-2.34e-08
xabs1_10=8.5e-08
xabs2_10=31.000000085
attackOnU1_10=0.0
u1_10=4e-10
uattacked1_10=4e-10
attackOnY1_10=0.0
y1_10=-8.5e-08
r1_10=-8.5e-08
r_10=8.5e-08
attack on control signal component 1
[  0.           0.           0.           0.          72.41716251
   0.         -31.00000011   0.           0.           0.
   0.           0.        ]
attack on sensor 1
[0.00000000e+00 0.00000000e+00 0.00000000e+00 0.00000000e+00
 1.04000000e-07 0.00000000e+00 6.72759942e+00 0.00000000e+00
 0.00000000e+00 0.00000000e+00 0.00000000e+00 0.00000000e+00]
