sat
x1_0=0.0005265231
x2_0=0.0051157819
z1_0=0.0
z2_0=0.0
xabs1_0=0.0005265231
xabs2_0=0.0051157819
attackOnU1_0=1.4582167828
u1_0=0.0
uattacked1_0=0.0
attackOnY1_0=-0.0029332355
y1_0=0.0
r1_0=0.0
r_0=0.0
x1_1=0.0
x2_1=0.0029332355
z1_1=0.0
z2_1=0.0
xabs1_1=0.0
xabs2_1=0.0029332355
attackOnU1_1=-0.2040608172
u1_1=0.0
uattacked1_1=1.4582167828
attackOnY1_1=-6.651780492
y1_1=0.0
r1_1=0.0
r_1=0.0
x1_2=0.0800675808
x2_2=6.651780492
z1_2=0.0
z2_2=0.0
xabs1_2=0.0800675808
xabs2_2=6.651780492
attackOnU1_2=0.0
u1_2=0.0
uattacked1_2=-0.2040608172
attackOnY1_2=-2.0996955406
y1_2=0.0
r1_2=0.0
r_2=0.0
x1_3=-0.2802448179
x2_3=2.1010530463
z1_3=0.0
z2_3=0.0
xabs1_3=0.2802448179
xabs2_3=2.1010530463
attackOnU1_3=0.022126306
u1_3=0.0
uattacked1_3=-0.2040608172
attackOnY1_3=0.3679213635
y1_3=0.0013575056
r1_3=0.0013575056
r_3=0.0013575056
x1_4=-0.2321605184
x2_4=-0.3683853881
z1_4=-5.29427e-05
z2_4=0.0005890217
xabs1_4=0.2321605184
xabs2_4=0.3683853881
attackOnU1_4=0.0
u1_4=-8.88665e-05
uattacked1_4=0.0220374394
attackOnY1_4=0.3603251204
y1_4=-0.0004640246
r1_4=-0.0010530463
r_4=0.0010530463
x1_5=-0.0852273207
x2_5=-0.3620495924
z1_5=-1.43555e-05
z2_5=-0.0006714256
xabs1_5=0.0852273207
xabs2_5=0.3620495924
attackOnU1_5=0.0
u1_5=-8.88665e-05
uattacked1_5=0.0220374394
attackOnY1_5=0.1699143177
y1_5=-0.0017244719
r1_5=-0.0010530463
r_5=0.0010530463
x1_6=-0.0201322272
x2_6=-0.1691437106
z1_6=6.05442e-05
z2_6=-0.0011763466
xabs1_6=0.0201322272
xabs2_6=0.1691437106
attackOnU1_6=0.0
u1_6=-8.88665e-05
uattacked1_6=0.0220374394
attackOnY1_6=0.0
y1_6=0.000770607
r1_6=0.0019469536
r_6=0.0019469536
x1_7=0.0
x2_7=0.0
z1_7=0.0
z2_7=0.0
xabs1_7=0.0
xabs2_7=0.0
attackOnU1_7=0.0
u1_7=0.0
uattacked1_7=0.0
attackOnY1_7=0.0
y1_7=0.0
r1_7=0.0
r_7=0.0
x1_8=0.0
x2_8=0.0
z1_8=0.0
z2_8=0.0
xabs1_8=0.0
xabs2_8=0.0
attackOnU1_8=0.0
u1_8=0.0
uattacked1_8=0.0
attackOnY1_8=0.0
y1_8=0.0
r1_8=0.0
r_8=0.0
x1_9=0.0
x2_9=0.0
z1_9=0.0
z2_9=0.0
xabs1_9=0.0
xabs2_9=0.0
attackOnU1_9=0.0
u1_9=0.0
uattacked1_9=0.0
attackOnY1_9=0.0
y1_9=0.0
r1_9=0.0
r_9=0.0
attack on control signal component 1
[ 1.45821678 -0.20406082  0.          0.02212631  0.          0.
  0.          0.          0.          0.          0.        ]
attack on sensor 1
[-2.93323550e-03 -6.65178049e+00 -2.09969554e+00  3.67921363e-01
  3.60325120e-01  1.69914318e-01  0.00000000e+00  0.00000000e+00
  0.00000000e+00  0.00000000e+00  0.00000000e+00]
