sat
x1_0=-0.1
x2_0=0.0
z1_0=0.0
z2_0=0.0
xabs1_0=0.1
xabs2_0=0.0
attackOnU1_0=0.2857748903
u1_0=0.0
uattacked1_0=0.0
attackOnY1_0=0.12939
y1_0=0.0
r1_0=0.0
r_0=0.0
x1_1=-0.0445
x2_1=-0.12939
z1_1=0.0
z2_1=0.0
xabs1_1=0.0445
xabs2_1=0.12939
attackOnU1_1=0.0
u1_1=0.0
uattacked1_1=0.2857748903
attackOnY1_1=-1.1887975142
y1_1=0.0
r1_1=0.0
r_1=0.0
x1_2=0.0018411809
x2_2=1.1887975142
z1_2=0.0
z2_2=0.0
xabs1_2=0.0018411809
xabs2_2=1.1887975142
attackOnU1_2=0.0
u1_2=0.0
uattacked1_2=0.2857748903
attackOnY1_2=-1.8260339201
y1_2=0.0
r1_2=0.0
r_2=0.0
x1_3=-0.0379099816
x2_3=1.8290245121
z1_3=0.0
z2_3=0.0
xabs1_3=0.0379099816
xabs2_3=1.8290245121
attackOnU1_3=0.0
u1_3=0.0
uattacked1_3=0.2857748903
attackOnY1_3=-2.0551301973
y1_3=0.0029905919
r1_3=0.0029905919
r_3=0.0029905919
x1_4=-0.0849216455
x2_4=2.0594184072
z1_4=-0.000116633
z2_4=0.0012976178
xabs1_4=0.0849216455
xabs2_4=2.0594184072
attackOnU1_4=-0.4907289263
u1_4=0.0
uattacked1_4=0.2857748903
attackOnY1_4=-2.0982914903
y1_4=0.0042882098
r1_4=0.0029905919
r_4=0.0029905919
x1_5=-0.1163938763
x2_5=2.100009408
z1_5=-0.0002279657
z2_5=0.0017179177
xabs1_5=0.1163938763
xabs2_5=2.100009408
attackOnU1_5=0.1910988117
u1_5=-0.0002664445
uattacked1_5=-0.4909953708
attackOnY1_5=1.464706572
y1_5=0.0017179177
r1_5=0.0
r_5=0.0
x1_6=-0.1749804512
x2_6=-1.465460483
z1_6=-0.0001947798
z2_6=-0.000753911
xabs1_6=0.1749804512
xabs2_6=1.465460483
attackOnU1_6=0.0
u1_6=8.78305e-05
uattacked1_6=0.1911866423
attackOnY1_6=0.0
y1_6=-0.000753911
r1_6=0.0
r_6=0.0
x1_7=-0.0002329453
x2_7=0.0004420092
z1_7=-4.73172e-05
z2_7=-0.0001833282
xabs1_7=0.0002329453
xabs2_7=0.0004420092
attackOnU1_7=0.0
u1_7=2.13624e-05
uattacked1_7=2.13624e-05
attackOnY1_7=0.0
y1_7=0.0004420092
r1_7=0.0006253375
r_7=0.0006253375
x1_8=-0.0001227297
x2_8=-9.408e-06
z1_8=-3.58729e-05
z2_8=0.0002268366
xabs1_8=0.0001227297
xabs2_8=9.408e-06
attackOnU1_8=0.0
u1_8=2.13624e-05
uattacked1_8=2.13624e-05
attackOnY1_8=0.0
y1_8=-9.408e-06
r1_8=-0.0002362446
r_8=0.0002362446
x1_9=-5.30089e-05
x2_9=-6.55139e-05
z1_9=-1.59641e-05
z2_9=4.83584e-05
xabs1_9=5.30089e-05
xabs2_9=6.55139e-05
attackOnU1_9=0.0
u1_9=2.13624e-05
uattacked1_9=2.13624e-05
attackOnY1_9=0.0
y1_9=-6.55139e-05
r1_9=-0.0001138723
r_9=0.0001138723
attack on control signal component 1
[ 0.28577489  0.          0.          0.         -0.49072893  0.19109881
  0.          0.          0.          0.          0.        ]
attack on sensor 1
[ 0.12939    -1.18879751 -1.82603392 -2.0551302  -2.09829149  1.46470657
  0.          0.          0.          0.          0.        ]
