sat
x1_0=3.5128e-06
x2_0=-1.03253e-05
z1_0=0.0
z2_0=0.0
xabs1_0=3.5128e-06
xabs2_0=1.03253e-05
attackOnU1_0=-5.5045938233
u1_0=0.0
uattacked1_0=0.0
attackOnY1_0=-4.0722e-06
y1_0=0.0
r1_0=0.0
r_0=0.0
x1_1=2.0361e-06
x2_1=0.0
z1_1=0.0
z2_1=0.0
xabs1_1=2.0361e-06
xabs2_1=0.0
attackOnU1_1=1.544160377
u1_1=0.0
uattacked1_1=-5.5045938233
attackOnY1_1=25.1077925763
y1_1=-4.0722e-06
r1_1=-4.0722e-06
r_1=4.0722e-06
x1_2=-0.3027517542
x2_2=-25.1047984154
z1_2=1.588e-07
z2_2=-1.7669e-06
xabs1_2=0.3027517542
xabs2_2=25.1047984154
attackOnU1_2=0.0
u1_2=2.665e-07
uattacked1_2=1.5441606436
attackOnY1_2=4.4017098862
y1_2=0.0029941608
r1_2=0.0029959277
r_2=0.0029959277
x1_3=1.1000040722
x2_3=-4.4004093096
z1_3=-0.0001166749
z2_3=0.0013005765
xabs1_3=1.1000040722
xabs2_3=4.4004093096
attackOnU1_3=-0.8500040988
u1_3=2.665e-07
uattacked1_3=1.5441606436
attackOnY1_3=-6.5252698468
y1_3=0.0013005765
r1_3=0.0
r_3=0.0
x1_4=0.7759693939
x2_4=6.5286885385
z1_4=-0.000111472
z2_4=0.0004227638
xabs1_4=0.7759693939
xabs2_4=6.5286885385
attackOnU1_4=0.0
u1_4=-7.10347e-05
uattacked1_4=-0.8500751335
attackOnY1_4=0.0
y1_4=0.0034186916
r1_4=0.0029959277
r_4=0.0029959277
x1_5=-0.0004616871
x2_5=0.0010178317
z1_5=-0.0001897157
z2_5=0.0010178317
xabs1_5=0.0004616871
xabs2_5=0.0010178317
attackOnU1_5=0.0
u1_5=-0.000163257
uattacked1_5=-0.000163257
attackOnY1_5=0.0
y1_5=0.0010178317
r1_5=0.0
r_5=0.0
x1_6=-0.0002610465
x2_6=-0.0008938938
z1_6=-0.0001400193
z2_6=-0.0005419901
xabs1_6=0.0002610465
xabs2_6=0.0008938938
attackOnU1_6=0.0
u1_6=6.31426e-05
uattacked1_6=6.31426e-05
attackOnY1_6=0.0
y1_6=-0.0008938938
r1_6=-0.0003519037
r_6=0.0003519037
x1_7=-7.17525e-05
x2_7=-0.0004432854
z1_7=-2.02883e-05
z2_7=-0.0002844712
xabs1_7=7.17525e-05
xabs2_7=0.0004432854
attackOnU1_7=0.0
u1_7=6.31426e-05
uattacked1_7=6.31426e-05
attackOnY1_7=0.0
y1_7=-0.0004432854
r1_7=-0.0001588141
r_7=0.0001588141
attack on control signal component 1
[-5.50459382  1.54416038  0.         -0.8500041   0.          0.
  0.          0.          0.        ]
attack on sensor 1
[-4.07220000e-06  2.51077926e+01  4.40170989e+00 -6.52526985e+00
  0.00000000e+00  0.00000000e+00  0.00000000e+00  0.00000000e+00
  0.00000000e+00]
