sat
x1_0=5.7551e-06
x2_0=2.20269e-05
z1_0=0.0
z2_0=0.0
xabs1_0=5.7551e-06
xabs2_0=2.20269e-05
attackOnU1_0=0.0
u1_0=0.0
uattacked1_0=0.0
attackOnY1_0=0.0
y1_0=0.0
r1_0=0.0
r_0=0.0
x1_1=1.5522e-06
x2_1=1.71428e-05
z1_1=0.0
z2_1=0.0
xabs1_1=1.5522e-06
xabs2_1=1.71428e-05
attackOnU1_1=0.0
u1_1=0.0
uattacked1_1=0.0
attackOnY1_1=0.0
y1_1=1.71428e-05
r1_1=1.71428e-05
r_1=1.71428e-05
x1_2=-9.44e-08
x2_2=9.5546e-06
z1_2=-6.685e-07
z2_2=7.4382e-06
xabs1_2=9.44e-08
xabs2_2=9.5546e-06
attackOnU1_2=0.0
u1_2=0.0
uattacked1_2=0.0
attackOnY1_2=0.0
y1_2=9.5546e-06
r1_2=2.1163e-06
r_2=2.1163e-06
x1_3=-4.796e-07
x2_3=4.0838e-06
z1_3=-7.207e-07
z2_3=3.3275e-06
xabs1_3=4.796e-07
xabs2_3=4.0838e-06
attackOnU1_3=0.0
u1_3=0.0
uattacked1_3=0.0
attackOnY1_3=0.0
y1_3=4.0838e-06
r1_3=7.562e-07
r_3=7.562e-07
x1_4=-4.004e-07
x2_4=1.1771e-06
z1_4=-5.026e-07
z2_4=8.603e-07
xabs1_4=4.004e-07
xabs2_4=1.1771e-06
attackOnU1_4=0.0
u1_4=0.0
uattacked1_4=0.0
attackOnY1_4=0.0
y1_4=1.1771e-06
r1_4=3.167e-07
r_4=3.167e-07
x1_5=-2.321e-07
x2_5=0.0
z1_5=-2.754e-07
z2_5=-1.341e-07
xabs1_5=2.321e-07
xabs2_5=0.0
attackOnU1_5=0.460455672
u1_5=0.0
uattacked1_5=0.0
attackOnY1_5=-0.0007046601
y1_5=0.0
r1_5=1.341e-07
r_5=1.341e-07
x1_6=-1.032e-07
x2_6=-3.003e-07
z1_6=-1.216e-07
z2_6=-3.572e-07
xabs1_6=1.032e-07
xabs2_6=3.003e-07
attackOnU1_6=-0.1291137808
u1_6=3.87e-08
uattacked1_6=0.4604557108
attackOnY1_6=-2.0973060542
y1_6=-0.0007049604
r1_6=-0.0007046032
r_6=0.0007046032
x1_7=0.0253250318
x2_7=2.1000000944
z1_7=2.74438e-05
z2_7=-0.0003058654
xabs1_7=0.0253250318
xabs2_7=2.1000000944
attackOnU1_7=0.0
u1_7=4.61416e-05
uattacked1_7=-0.1290676392
attackOnY1_7=-0.3691986508
y1_7=0.0026940401
r1_7=0.0029999055
r_7=0.0029999055
x1_8=-0.0920090852
x2_8=0.3685493179
z1_8=-8.82373e-05
z2_8=0.0014129647
xabs1_8=0.0920090852
xabs2_8=0.3685493179
attackOnU1_8=0.0710432423
u1_8=4.61416e-05
uattacked1_8=-0.1290676392
attackOnY1_8=0.545277399
y1_8=-0.0006493329
r1_8=-0.0020622976
r_8=0.0020622976
x1_9=-0.0649223218
x2_9=-0.545453928
z1_9=-2.1012e-05
z2_9=-0.0001765762
xabs1_9=0.0649223218
xabs2_9=0.545453928
attackOnU1_9=0.0
u1_9=2.29999e-05
uattacked1_9=0.0710662423
attackOnY1_9=0.0
y1_9=-0.000176529
r1_9=4.72e-08
r_9=4.72e-08
x1_10=0.0
x2_10=0.0
z1_10=0.0
z2_10=0.0
xabs1_10=0.0
xabs2_10=0.0
attackOnU1_10=0.0
u1_10=0.0
uattacked1_10=0.0
attackOnY1_10=0.0
y1_10=0.0
r1_10=0.0
r_10=0.0
x1_11=0.0
x2_11=0.0
z1_11=0.0
z2_11=0.0
xabs1_11=0.0
xabs2_11=0.0
attackOnU1_11=0.0
u1_11=0.0
uattacked1_11=0.0
attackOnY1_11=0.0
y1_11=0.0
r1_11=0.0
r_11=0.0
x1_12=0.0
x2_12=0.0
z1_12=0.0
z2_12=0.0
xabs1_12=0.0
xabs2_12=0.0
attackOnU1_12=0.0
u1_12=0.0
uattacked1_12=0.0
attackOnY1_12=0.0
y1_12=0.0
r1_12=0.0
r_12=0.0
attack on control signal component 1
[ 0.          0.          0.          0.          0.          0.46045567
 -0.12911378  0.          0.07104324  0.          0.          0.
  0.          0.        ]
attack on sensor 1
[ 0.00000000e+00  0.00000000e+00  0.00000000e+00  0.00000000e+00
  0.00000000e+00 -7.04660100e-04 -2.09730605e+00 -3.69198651e-01
  5.45277399e-01  0.00000000e+00  0.00000000e+00  0.00000000e+00
  0.00000000e+00  0.00000000e+00]
