sat
x1_0=0.0
x2_0=-3.267e-07
z1_0=0.0
z2_0=0.0
xabs1_0=0.0
xabs2_0=3.267e-07
attackOnU1_0=0.0
u1_0=0.0
uattacked1_0=0.0
attackOnY1_0=0.0
y1_0=0.0
r1_0=0.0
r_0=0.0
x1_1=1.49e-08
x2_1=-1.438e-07
z1_1=0.0
z2_1=0.0
xabs1_1=1.49e-08
xabs2_1=1.438e-07
attackOnU1_1=0.0
u1_1=0.0
uattacked1_1=0.0
attackOnY1_1=0.0
y1_1=-1.438e-07
r1_1=-1.438e-07
r_1=1.438e-07
x1_2=1.32e-08
x2_2=-4.39e-08
z1_2=5.6e-09
z2_2=-6.24e-08
xabs1_2=1.32e-08
xabs2_2=4.39e-08
attackOnU1_2=0.0
u1_2=0.0
uattacked1_2=0.0
attackOnY1_2=0.0
y1_2=-4.39e-08
r1_2=1.84e-08
r_2=1.84e-08
x1_3=7.9e-09
x2_3=-2.2e-09
z1_3=4.6e-09
z2_3=-1.22e-08
xabs1_3=7.9e-09
xabs2_3=2.2e-09
attackOnU1_3=0.0
u1_3=0.0
uattacked1_3=0.0
attackOnY1_3=0.0
y1_3=-2.2e-09
r1_3=9.9e-09
r_3=9.9e-09
x1_4=3.6e-09
x2_4=9.2e-09
z1_4=2.2e-09
z2_4=4.9e-09
xabs1_4=3.6e-09
xabs2_4=9.2e-09
attackOnU1_4=-6.3018351188
u1_4=0.0
uattacked1_4=0.0
attackOnY1_4=-4e-09
y1_4=9.2e-09
r1_4=4.2e-09
r_4=4.2e-09
x1_5=1.1e-09
x2_5=8.7e-09
z1_5=5e-10
z2_5=6.9e-09
xabs1_5=1.1e-09
xabs2_5=8.7e-09
attackOnU1_5=3.3413912533
u1_5=-9e-10
uattacked1_5=-6.3018351197
attackOnY1_5=28.7418493412
y1_5=4.7e-09
r1_5=-2.2e-09
r_5=2.2e-09
x1_6=-0.3466009314
x2_6=-28.7407794254
z1_6=-0.0
z2_6=-1.3e-09
xabs1_6=0.3466009314
xabs2_6=28.7407794254
attackOnU1_6=-0.1277550429
u1_6=1e-10
uattacked1_6=3.3413912535
attackOnY1_6=-2.1354608066
y1_6=0.0010699158
r1_6=0.0010699172
r_6=0.0010699172
x1_7=1.3458668021
x2_7=2.1389250417
z1_7=-4.17267e-05
z2_7=0.0004642373
xabs1_7=1.3458668021
xabs2_7=2.1389250417
attackOnU1_7=0.0
u1_7=-7.00401e-05
uattacked1_7=-0.127825083
attackOnY1_7=-2.098867368
y1_7=0.0034642351
r1_7=0.0029999977
r_7=0.0029999977
x1_8=0.4939175804
x2_8=2.1000000022
z1_8=-0.0001606825
z2_8=0.0011326341
xabs1_8=0.4939175804
xabs2_8=2.1000000022
attackOnU1_8=0.0
u1_8=-7.00401e-05
uattacked1_8=-0.127825083
attackOnY1_8=-0.9805568555
y1_8=0.0011326341
r1_8=0.0
r_8=0.0
x1_9=0.1165829436
x2_9=0.9805281018
z1_9=-0.0001272305
z2_9=-2.87536e-05
xabs1_9=0.1165829436
xabs2_9=0.9805281018
attackOnU1_9=0.0
u1_9=-7.00401e-05
uattacked1_9=-0.127825083
attackOnY1_9=0.0
y1_9=-2.87536e-05
r1_9=0.0
r_9=0.0
x1_10=-5.91567e-05
x2_10=-0.0004967152
z1_10=-5.91529e-05
z2_10=-0.000496713
xabs1_10=5.91567e-05
xabs2_10=0.0004967152
attackOnU1_10=0.0
u1_10=6.46948e-05
uattacked1_10=6.46948e-05
attackOnY1_10=0.0
y1_10=-0.0004967152
r1_10=-2.2e-09
r_10=2.2e-09
x1_11=-1.69e-08
x2_11=-1.43e-07
z1_11=-1.52e-08
z2_11=-1.381e-07
xabs1_11=1.69e-08
xabs2_11=1.43e-07
attackOnU1_11=0.0
u1_11=1.81e-08
uattacked1_11=1.81e-08
attackOnY1_11=0.0
y1_11=-1.43e-07
r1_11=-4.9e-09
r_11=4.9e-09
x1_12=0.0
x2_12=-2.3e-09
z1_12=7e-10
z2_12=-1e-10
xabs1_12=0.0
xabs2_12=2.3e-09
attackOnU1_12=0.0
u1_12=1.81e-08
uattacked1_12=1.81e-08
attackOnY1_12=0.0
y1_12=-2.3e-09
r1_12=-2.2e-09
r_12=2.2e-09
attack on control signal component 1
[ 0.          0.          0.          0.         -6.30183512  3.34139125
 -0.12775504  0.          0.          0.          0.          0.
  0.          0.        ]
attack on sensor 1
[ 0.00000000e+00  0.00000000e+00  0.00000000e+00  0.00000000e+00
 -4.00000000e-09  2.87418493e+01 -2.13546081e+00 -2.09886737e+00
 -9.80556856e-01  0.00000000e+00  0.00000000e+00  0.00000000e+00
  0.00000000e+00  0.00000000e+00]
