sat
x1_0=-0.0034694836
x2_0=0.010198012
z1_0=0.0
z2_0=0.0
xabs1_0=0.0034694836
xabs2_0=0.010198012
attackOnU1_0=0.0
u1_0=0.0
uattacked1_0=0.0
attackOnY1_0=0.0
y1_0=0.0
r1_0=0.0
r_0=0.0
x1_1=-0.0020109891
x2_1=0.0
z1_1=0.0
z2_1=0.0
xabs1_1=0.0020109891
xabs2_1=0.0
attackOnU1_1=0.0
u1_1=0.0
uattacked1_1=0.0
attackOnY1_1=0.0
y1_1=0.0
r1_1=0.0
r_1=0.0
x1_2=-0.0008948901
x2_2=-0.0026020188
z1_2=0.0
z2_2=0.0
xabs1_2=0.0008948901
xabs2_2=0.0026020188
attackOnU1_2=0.0
u1_2=0.0
uattacked1_2=0.0
attackOnY1_2=0.0
y1_2=-0.0026020188
r1_2=-0.0026020188
r_2=0.0026020188
x1_3=-0.0002790536
x2_3=-0.0023033071
z1_3=0.0001014787
z2_3=-0.0011290159
xabs1_3=0.0002790536
xabs2_3=0.0023033071
attackOnU1_3=0.0
u1_3=0.0
uattacked1_3=0.0
attackOnY1_3=0.0
y1_3=-0.0023033071
r1_3=-0.0011742911
r_3=0.0011742911
x1_4=-1.86874e-05
x2_4=-0.0013749833
z1_4=0.0001426643
z2_4=-0.0008752144
xabs1_4=1.86874e-05
xabs2_4=0.0013749833
attackOnU1_4=0.0
u1_4=0.0
uattacked1_4=0.0
attackOnY1_4=0.0
y1_4=-0.0013749833
r1_4=-0.0004997689
r_4=0.0004997689
x1_5=5.46583e-05
x2_5=-0.0006294473
z1_5=0.0001230614
z2_5=-0.0004175257
xabs1_5=5.46583e-05
xabs2_5=0.0006294473
attackOnU1_5=0.3162627814
u1_5=0.0
uattacked1_5=0.0
attackOnY1_5=8.98418e-05
y1_5=-0.0006294473
r1_5=-0.0002119215
r_5=0.0002119215
x1_6=5.31516e-05
x2_6=-0.0002063602
z1_6=8.21499e-05
z2_6=-0.0001165184
xabs1_6=5.31516e-05
xabs2_6=0.0002063602
attackOnU1_6=0.0
u1_6=2.46538e-05
uattacked1_6=0.3162874352
attackOnY1_6=-1.442302598
y1_6=-0.0001165184
r1_6=0.0
r_6=0.0
x1_7=0.0174289127
x2_7=1.4424700391
z1_7=4.32492e-05
z2_7=0.000167441
xabs1_7=0.0174289127
xabs2_7=1.4424700391
attackOnU1_7=-0.446150991
u1_7=2.46538e-05
uattacked1_7=0.3162874352
attackOnY1_7=-2.0967952684
y1_7=0.000167441
r1_7=0.0
r_7=0.0
x1_8=-0.0409134526
x2_8=2.1000186874
z1_8=1.2933e-05
z2_8=0.0002421064
xabs1_8=0.0409134526
xabs2_8=2.1000186874
attackOnU1_8=0.1519003196
u1_8=-3.31026e-05
uattacked1_8=-0.4461840936
attackOnY1_8=1.1646967596
y1_8=0.0032234189
r1_8=0.0029813125
r_8=0.0029813125
x1_9=-0.1389274674
x2_9=-1.1634214862
z1_9=-0.000123425
z2_9=0.0012659297
xabs1_9=0.1389274674
xabs2_9=1.1634214862
attackOnU1_9=0.0
u1_9=-0.000191944
uattacked1_9=0.1517083755
attackOnY1_9=0.0
y1_9=0.0012752734
r1_9=9.3437e-06
r_9=9.3437e-06
x1_10=-0.0001940583
x2_10=0.0
z1_10=-0.000123825
z2_10=-0.0004737825
xabs1_10=0.0001940583
xabs2_10=0.0
attackOnU1_10=0.0
u1_10=5.50555e-05
uattacked1_10=5.50555e-05
attackOnY1_10=0.0
y1_10=0.0
r1_10=0.0004737825
r_10=0.0004737825
x1_11=-8.33278e-05
x2_11=0.0
z1_11=-4.88523e-05
z2_11=8.78899e-05
xabs1_11=8.33278e-05
xabs2_11=0.0
attackOnU1_11=0.0
u1_11=5.50555e-05
uattacked1_11=5.50555e-05
attackOnY1_11=0.0
y1_11=0.0
r1_11=-8.78899e-05
r_11=8.78899e-05
x1_12=-3.40528e-05
x2_12=0.000143274
z1_12=-1.93089e-05
z2_12=0.0001884356
xabs1_12=3.40528e-05
xabs2_12=0.000143274
attackOnU1_12=0.0
u1_12=5.50555e-05
uattacked1_12=5.50555e-05
attackOnY1_12=0.0
y1_12=0.000143274
r1_12=-4.51615e-05
r_12=4.51615e-05
attack on control signal component 1
[ 0.          0.          0.          0.          0.          0.31626278
  0.         -0.44615099  0.15190032  0.          0.          0.
  0.          0.        ]
attack on sensor 1
[ 0.00000000e+00  0.00000000e+00  0.00000000e+00  0.00000000e+00
  0.00000000e+00  8.98418000e-05 -1.44230260e+00 -2.09679527e+00
  1.16469676e+00  0.00000000e+00  0.00000000e+00  0.00000000e+00
  0.00000000e+00  0.00000000e+00]
