sat
x1_0=-4.93664e-05
x2_0=-2.10059e-05
z1_0=0.0
z2_0=0.0
xabs1_0=4.93664e-05
xabs2_0=2.10059e-05
attackOnU1_0=12.999978994
u1_0=0.0
uattacked1_0=0.0
attackOnY1_0=8.3625e-05
y1_0=0.0
r1_0=0.0
r_0=0.0
x1_1=-2.10059e-05
x2_1=-7.3122e-05
z1_1=0.0
z2_1=0.0
xabs1_1=2.10059e-05
xabs2_1=7.3122e-05
attackOnU1_1=-2.5765194002
u1_1=0.0
uattacked1_1=12.999978994
attackOnY1_1=-59.2889612786
y1_1=1.05029e-05
r1_1=1.05029e-05
r_1=1.05029e-05
x1_2=0.7149928459
x2_2=59.2889448299
z1_2=-4.096e-07
z2_2=4.5572e-06
xabs1_2=0.7149928459
xabs2_2=59.2889448299
attackOnU1_2=0.0
u1_2=-6.875e-07
uattacked1_2=-2.5765200878
attackOnY1_2=-15.2734193732
y1_2=-1.64487e-05
r1_2=-2.10059e-05
r_2=2.10059e-05
x1_3=-2.5389704615
x2_3=15.2733875931
z1_3=3.904e-07
z2_3=-1.07741e-05
xabs1_3=2.5389704615
xabs2_3=15.2733875931
attackOnU1_3=0.5084306735
u1_3=-6.875e-07
uattacked1_3=-2.5765200878
attackOnY1_3=8.3124988044
y1_3=-3.17801e-05
r1_3=-2.10059e-05
r_3=2.10059e-05
x1_4=-1.9710716119
x2_4=-8.3125638261
z1_4=1.4486e-06
z2_4=-1.64878e-05
xabs1_4=1.9710716119
xabs2_4=8.3125638261
attackOnU1_4=0.0
u1_4=2.4842e-06
uattacked1_4=0.5084331578
attackOnY1_4=3.8907129336
y1_4=-6.50217e-05
r1_4=-4.85338e-05
r_4=4.85338e-05
x1_5=-0.4684476204
x2_5=-3.8907490521
z1_5=3.4292e-06
z2_5=-1.51125e-05
xabs1_5=0.4684476204
xabs2_5=3.8907490521
attackOnU1_5=0.0
u1_5=2.4842e-06
uattacked1_5=0.5084331578
attackOnY1_5=0.0
y1_5=-3.61185e-05
r1_5=-2.10059e-05
r_5=2.10059e-05
x1_6=-0.0022990608
x2_6=-2.10059e-05
z1_6=3.174e-06
z2_6=0.0
xabs1_6=0.0022990608
xabs2_6=2.10059e-05
attackOnU1_6=0.0
u1_6=3.132e-07
uattacked1_6=3.132e-07
attackOnY1_6=0.0
y1_6=-2.10059e-05
r1_6=-2.10059e-05
r_6=2.10059e-05
x1_7=-0.0010221027
x2_7=-0.0029825728
z1_7=2.2489e-06
z2_7=-3.5788e-06
xabs1_7=0.0010221027
xabs2_7=0.0029825728
attackOnU1_7=0.0
u1_7=7.301e-07
uattacked1_7=7.301e-07
attackOnY1_7=0.0
y1_7=-0.0029825728
r1_7=-0.002978994
r_7=0.002978994
x1_8=-0.0003181937
x2_8=-0.0026320972
z1_8=0.0001173856
z2_8=-0.0012879209
xabs1_8=0.0003181937
xabs2_8=0.0026320972
attackOnU1_8=0.0
u1_8=7.301e-07
uattacked1_8=7.301e-07
attackOnY1_8=0.0
y1_8=-0.0026320972
r1_8=-0.0013441762
r_8=0.0013441762
attack on control signal component 1
[12.99997899 -2.5765194   0.          0.50843067  0.          0.
  0.          0.          0.          0.        ]
attack on sensor 1
[ 8.36250000e-05 -5.92889613e+01 -1.52734194e+01  8.31249880e+00
  3.89071293e+00  0.00000000e+00  0.00000000e+00  0.00000000e+00
  0.00000000e+00  0.00000000e+00]
