sat
x1_0=-7.282e-06
x2_0=-1.17342e-05
z1_0=0.0
z2_0=0.0
xabs1_0=7.282e-06
xabs2_0=1.17342e-05
attackOnU1_0=0.0
u1_0=0.0
uattacked1_0=0.0
attackOnY1_0=0.0
y1_0=0.0
r1_0=0.0
r_0=0.0
x1_1=-2.703e-06
x2_1=-1.45877e-05
z1_1=0.0
z2_1=0.0
xabs1_1=2.703e-06
xabs2_1=1.45877e-05
attackOnU1_1=0.0
u1_1=0.0
uattacked1_1=0.0
attackOnY1_1=0.0
y1_1=-1.45877e-05
r1_1=-1.45877e-05
r_1=1.45877e-05
x1_2=-5.347e-07
x2_2=-9.919e-06
z1_2=5.689e-07
z2_2=-6.3296e-06
xabs1_2=5.347e-07
xabs2_2=9.919e-06
attackOnU1_2=0.0
u1_2=0.0
uattacked1_2=0.0
attackOnY1_2=0.0
y1_2=-9.919e-06
r1_2=-3.5894e-06
r_2=3.5894e-06
x1_3=2.163e-07
x2_3=-5.0582e-06
z1_3=6.83e-07
z2_3=-3.6076e-06
xabs1_3=2.163e-07
xabs2_3=5.0582e-06
attackOnU1_3=0.0
u1_3=0.0
uattacked1_3=0.0
attackOnY1_3=0.0
y1_3=-5.0582e-06
r1_3=-1.4506e-06
r_3=1.4506e-06
x1_4=3.279e-07
x2_4=-1.9467e-06
z1_4=5.257e-07
z2_4=-1.3337e-06
xabs1_4=3.279e-07
xabs2_4=1.9467e-06
attackOnU1_4=8.500444075
u1_4=0.0
uattacked1_4=0.0
attackOnY1_4=-1.728e-07
y1_4=-1.9467e-06
r1_4=-6.13e-07
r_4=6.13e-07
x1_5=2.35e-07
x2_5=-4.326e-07
z1_5=3.189e-07
z2_5=-1.728e-07
xabs1_5=2.35e-07
xabs2_5=4.326e-07
attackOnU1_5=0.0
u1_5=5.6e-08
uattacked1_5=8.500444131
attackOnY1_5=-38.7679756906
y1_5=-6.054e-07
r1_5=-4.326e-07
r_5=4.326e-07
x1_6=0.4675245516
x2_6=38.7679756624
z1_6=1.698e-07
z2_6=4.043e-07
xabs1_6=0.4675245516
xabs2_6=38.7679756624
attackOnU1_6=-12.0164750759
u1_6=5.6e-08
uattacked1_6=8.500444131
attackOnY1_6=-56.4415675545
y1_6=-2.82e-08
r1_6=-4.326e-07
r_6=4.326e-07
x1_7=-1.1000004326
x2_7=56.4385684526
z1_7=7.69e-08
z2_7=4.654e-07
xabs1_7=1.1000004326
xabs2_7=56.4385684526
attackOnU1_7=4.0885872727
u1_7=-5.85e-08
uattacked1_7=-12.0164751344
attackOnY1_7=31.3804417108
y1_7=-0.0029991018
r1_7=-0.0029995673
r_7=0.0029995673
x1_8=-3.73529276
x2_8=-31.3825708725
z1_8=0.0001169928
z2_8=-0.0013014745
xabs1_8=3.73529276
xabs2_8=31.3825708725
attackOnU1_8=0.0
u1_8=0.0001963565
uattacked1_8=4.0887836293
attackOnY1_8=0.0
y1_8=-0.0021291617
r1_8=-0.0008276872
r_8=0.0008276872
x1_9=-4.326e-07
x2_9=1.24979e-05
z1_9=0.0001547487
z2_9=0.0001148579
xabs1_9=4.326e-07
xabs2_9=1.24979e-05
attackOnU1_9=0.0
u1_9=-1.0361e-06
uattacked1_9=-1.0361e-06
attackOnY1_9=0.0
y1_9=1.24979e-05
r1_9=-0.00010236
r_9=0.00010236
x1_10=-8.219e-07
x2_10=2.163e-07
z1_10=6.75377e-05
z2_10=0.0002016504
xabs1_10=8.219e-07
xabs2_10=2.163e-07
attackOnU1_10=0.0
u1_10=-1.0361e-06
uattacked1_10=-1.0361e-06
attackOnY1_10=0.0
y1_10=2.163e-07
r1_10=-0.0002014341
r_10=0.0002014341
x1_11=-4.326e-07
x2_11=-5.6937e-06
z1_11=2.86176e-05
z2_11=8.40259e-05
xabs1_11=4.326e-07
xabs2_11=5.6937e-06
attackOnU1_11=0.0
u1_11=-9.1071e-06
uattacked1_11=-9.1071e-06
attackOnY1_11=0.0
y1_11=-5.6937e-06
r1_11=-8.97196e-05
r_11=8.97196e-05
attack on control signal component 1
[  0.           0.           0.           0.           8.50044408
   0.         -12.01647508   4.08858727   0.           0.
   0.           0.           0.        ]
attack on sensor 1
[ 0.00000000e+00  0.00000000e+00  0.00000000e+00  0.00000000e+00
 -1.72800000e-07 -3.87679757e+01 -5.64415676e+01  3.13804417e+01
  0.00000000e+00  0.00000000e+00  0.00000000e+00  0.00000000e+00
  0.00000000e+00]
