sat
x1_0=-0.0011834515
x2_0=-1.07375e-05
z1_0=0.0
z2_0=0.0
xabs1_0=0.0011834515
xabs2_0=1.07375e-05
attackOnU1_0=0.0
u1_0=0.0
uattacked1_0=0.0
attackOnY1_0=0.0
y1_0=0.0
r1_0=0.0
r_0=0.0
x1_1=-0.0005261441
x2_1=-0.0015359946
z1_1=0.0
z2_1=0.0
xabs1_1=0.0005261441
xabs2_1=0.0015359946
attackOnU1_1=0.0
u1_1=0.0
uattacked1_1=0.0
attackOnY1_1=0.0
y1_1=-0.0015359946
r1_1=-0.0015359946
r_1=0.0015359946
x1_2=-0.0001637855
x2_2=-0.0013569227
z1_2=5.99037e-05
z2_2=-0.000666468
xabs1_2=0.0001637855
xabs2_2=0.0013569227
attackOnU1_2=-9.1884139438
u1_2=0.0
uattacked1_2=0.0
attackOnY1_2=0.000283044
y1_2=-0.0013569227
r1_2=-0.0006904546
r_2=0.0006904546
x1_3=-1.07375e-05
x2_3=-0.0008092395
z1_3=8.41091e-05
z2_3=-0.000515458
xabs1_3=1.07375e-05
xabs2_3=0.0008092395
attackOnU1_3=0.0
u1_3=8.14966e-05
uattacked1_3=-9.1883324472
attackOnY1_3=41.9058361221
y1_3=-0.0005261955
r1_3=-1.07375e-05
r_3=1.07375e-05
x1_4=-0.5053259996
x2_4=-41.9055979128
z1_4=6.59376e-05
z2_4=0.0002489468
xabs1_4=0.5053259996
xabs2_4=41.9055979128
attackOnU1_4=13.0000668014
u1_4=8.14966e-05
uattacked1_4=-9.1883324472
attackOnY1_4=61.0064644926
y1_4=0.0002382092
r1_4=-1.07375e-05
r_4=1.07375e-05
x1_5=1.1890480299
x2_5=-61.0059133044
z1_5=2.28415e-05
z2_5=0.0005619256
xabs1_5=1.1890480299
xabs2_5=61.0059133044
attackOnU1_5=-4.4247373621
u1_5=-7.75389e-05
uattacked1_5=12.9999892624
attackOnY1_5=-33.9728332466
y1_5=0.0005511881
r1_5=-1.07375e-05
r_5=1.07375e-05
x1_6=4.0381966121
x2_6=33.9727572387
z1_6=-1.94175e-05
z2_6=-8.13766e-05
xabs1_6=4.0381966121
xabs2_6=33.9727572387
attackOnU1_6=0.0
u1_6=9.6389e-06
uattacked1_6=-4.4247277231
attackOnY1_6=0.0
y1_6=-7.60079e-05
r1_6=5.3687e-06
r_6=5.3687e-06
x1_7=-0.0023148139
x2_7=-2.53939e-05
z1_7=-4.593e-06
z2_7=-1.46564e-05
xabs1_7=0.0023148139
xabs2_7=2.53939e-05
attackOnU1_7=0.0
u1_7=1.6278e-06
uattacked1_7=1.6278e-06
attackOnY1_7=0.0
y1_7=-2.53939e-05
r1_7=-1.07375e-05
r_7=1.07375e-05
x1_8=-0.0010288396
x2_8=-0.0029988918
z1_8=-8.643e-07
z2_8=-9.6293e-06
xabs1_8=0.0010288396
xabs2_8=0.0029988918
attackOnU1_8=0.0
u1_8=1.6278e-06
uattacked1_8=1.6278e-06
attackOnY1_8=0.0
y1_8=-0.0029988918
r1_8=-0.0029892624
r_8=0.0029892624
x1_9=-0.0003203948
x2_9=-0.0026439034
z1_9=0.0001167271
z2_9=-0.0012949738
xabs1_9=0.0003203948
xabs2_9=0.0026439034
attackOnU1_9=0.0
u1_9=0.0001954072
uattacked1_9=0.0001954072
attackOnY1_9=0.0
y1_9=-0.0026439034
r1_9=-0.0013489295
r_9=0.0013489295
attack on control signal component 1
[ 0.          0.         -9.18841394  0.         13.0000668  -4.42473736
  0.          0.          0.          0.          0.        ]
attack on sensor 1
[ 0.00000000e+00  0.00000000e+00  2.83044000e-04  4.19058361e+01
  6.10064645e+01 -3.39728332e+01  0.00000000e+00  0.00000000e+00
  0.00000000e+00  0.00000000e+00  0.00000000e+00]
