sat
x1_0=0.0
x2_0=0.0
z1_0=0.0
z2_0=0.0
xabs1_0=0.0
xabs2_0=0.0
attackOnU1_0=0.0
u1_0=0.0
uattacked1_0=0.0
attackOnY1_0=0.0
y1_0=0.0
r1_0=0.0
r_0=0.0
x1_1=0.0
x2_1=0.0
z1_1=0.0
z2_1=0.0
xabs1_1=0.0
xabs2_1=0.0
attackOnU1_1=0.0
u1_1=0.0
uattacked1_1=0.0
attackOnY1_1=0.0
y1_1=0.0
r1_1=0.0
r_1=0.0
x1_2=0.0
x2_2=0.0
z1_2=0.0
z2_2=0.0
xabs1_2=0.0
xabs2_2=0.0
attackOnU1_2=0.0
u1_2=0.0
uattacked1_2=0.0
attackOnY1_2=0.0
y1_2=0.0
r1_2=0.0
r_2=0.0
x1_3=0.0
x2_3=0.0
z1_3=0.0
z2_3=0.0
xabs1_3=0.0
xabs2_3=0.0
attackOnU1_3=0.0
u1_3=0.0
uattacked1_3=0.0
attackOnY1_3=0.0
y1_3=0.0
r1_3=0.0
r_3=0.0
x1_4=0.0
x2_4=0.0
z1_4=0.0
z2_4=0.0
xabs1_4=0.0
xabs2_4=0.0
attackOnU1_4=0.4604556318
u1_4=0.0
uattacked1_4=0.0
attackOnY1_4=0.0029999999
y1_4=0.0
r1_4=0.0
r_4=0.0
x1_5=0.0
x2_5=0.0
z1_5=0.0
z2_5=0.0
xabs1_5=0.0
xabs2_5=0.0
attackOnU1_5=0.0
u1_5=0.0
uattacked1_5=0.4604556318
attackOnY1_5=-2.1004837403
y1_5=0.0029999999
r1_5=0.0029999999
r_5=0.0029999999
x1_6=0.0253250597
x2_6=2.1
z1_6=-0.0001169999
z2_6=0.0013016999
xabs1_6=0.0253250597
xabs2_6=2.1
attackOnU1_6=-0.6509596147
u1_6=0.0
uattacked1_6=0.4604556318
attackOnY1_6=-3.0575411753
y1_6=-0.0004837402
r1_6=-0.0017854402
r_6=0.0017854402
x1_7=-0.0595852886
x2_7=3.0571880948
z1_7=-4.20506e-05
z2_7=-0.0003530804
xabs1_7=0.0595852886
xabs2_7=3.0571880948
attackOnU1_7=0.2214828585
u1_7=4.5987e-05
uattacked1_7=-0.6509136277
attackOnY1_7=1.6999448853
y1_7=-0.0003530804
r1_7=0.0
r_7=0.0
x1_8=-0.2023349177
x2_8=-1.6999449877
z1_8=-1.21e-08
z2_8=-1.023e-07
xabs1_8=0.2023349177
xabs2_8=1.6999449877
attackOnU1_8=0.0
u1_8=1.33e-08
uattacked1_8=0.2214828718
attackOnY1_8=0.0
y1_8=-1.023e-07
r1_8=0.0
r_8=0.0
x1_9=0.0
x2_9=0.0
z1_9=0.0
z2_9=0.0
xabs1_9=0.0
xabs2_9=0.0
attackOnU1_9=0.0
u1_9=0.0
uattacked1_9=0.0
attackOnY1_9=0.0
y1_9=0.0
r1_9=0.0
r_9=0.0
x1_10=0.0
x2_10=0.0
z1_10=0.0
z2_10=0.0
xabs1_10=0.0
xabs2_10=0.0
attackOnU1_10=0.0
u1_10=0.0
uattacked1_10=0.0
attackOnY1_10=0.0
y1_10=0.0
r1_10=0.0
r_10=0.0
x1_11=0.0
x2_11=0.0
z1_11=0.0
z2_11=0.0
xabs1_11=0.0
xabs2_11=0.0
attackOnU1_11=0.0
u1_11=0.0
uattacked1_11=0.0
attackOnY1_11=0.0
y1_11=0.0
r1_11=0.0
r_11=0.0
attack on control signal component 1
[ 0.          0.          0.          0.          0.46045563  0.
 -0.65095961  0.22148286  0.          0.          0.          0.
  0.        ]
attack on sensor 1
[ 0.00000000e+00  0.00000000e+00  0.00000000e+00  0.00000000e+00
  2.99999990e-03 -2.10048374e+00 -3.05754118e+00  1.69994489e+00
  0.00000000e+00  0.00000000e+00  0.00000000e+00  0.00000000e+00
  0.00000000e+00]
