sat
x1_0=-0.0020506936
x2_0=-0.0007873862
z1_0=0.0
z2_0=0.0
xabs1_0=0.0020506936
xabs2_0=0.0007873862
attackOnU1_0=0.0
u1_0=0.0
uattacked1_0=0.0
attackOnY1_0=0.0
y1_0=0.0
r1_0=0.0
r_0=0.0
x1_1=-0.0008764964
x2_1=-0.0029999999
z1_1=0.0
z2_1=0.0
xabs1_1=0.0008764964
xabs2_1=0.0029999999
attackOnU1_1=0.0
u1_1=0.0
uattacked1_1=0.0
attackOnY1_1=0.0
y1_1=-0.0029999999
r1_1=-0.0029999999
r_1=0.0029999999
x1_2=-0.0002526408
x2_2=-0.0024546986
z1_2=0.0001169999
z2_2=-0.0013016999
xabs1_2=0.0002526408
xabs2_2=0.0024546986
attackOnU1_2=0.0
u1_2=0.0
uattacked1_2=0.0
attackOnY1_2=0.0
y1_2=-0.0024546986
r1_2=-0.0011529986
r_2=0.0011529986
x1_3=-0.0
x2_3=-0.0014074504
z1_3=0.0001566498
z2_3=-0.0009219081
xabs1_3=0.0
xabs2_3=0.0014074504
attackOnU1_3=0.0
u1_3=0.0001463722
uattacked1_3=0.0001463722
attackOnY1_3=0.0
y1_3=-0.0014074504
r1_3=-0.0004855422
r_3=0.0004855422
x1_4=7.25117e-05
x2_4=4.80004e-05
z1_4=0.0001389191
z2_4=0.0002537485
xabs1_4=7.25117e-05
xabs2_4=4.80004e-05
attackOnU1_4=-8.5005277207
u1_4=0.0001463722
uattacked1_4=0.0001463722
attackOnY1_4=8.72208e-05
y1_4=4.80004e-05
r1_4=-0.0002057481
r_4=0.0002057481
x1_5=3.81197e-05
x2_5=0.0007825128
z1_5=6.6272e-05
z2_5=0.0008697336
xabs1_5=3.81197e-05
xabs2_5=0.0007825128
attackOnU1_5=0.0
u1_5=-0.0001169611
uattacked1_5=-8.5006446818
attackOnY1_5=38.7690776663
y1_5=0.0008697336
r1_5=0.0
r_5=0.0
x1_6=-0.4675543332
x2_6=-38.7684964152
z1_6=-1.67756e-05
z2_6=-6.48185e-05
xabs1_6=0.4675543332
xabs2_6=38.7684964152
attackOnU1_6=12.016676159
u1_6=-0.0001169611
uattacked1_6=-8.5006446818
attackOnY1_6=56.4394475402
y1_6=0.000581251
r1_6=0.0006460695
r_6=0.0006460695
x1_7=1.1
x2_7=-56.4397508744
z1_7=-3.6126e-05
z2_7=-0.0003033341
xabs1_7=1.1
xabs2_7=56.4397508744
attackOnU1_7=-4.0888555524
u1_7=3.95078e-05
uattacked1_7=12.0167156668
attackOnY1_7=-31.3831468949
y1_7=-0.0003033341
r1_7=0.0
r_7=0.0
x1_8=3.7353599517
x2_8=31.383146807
z1_8=-1.04e-08
z2_8=-8.79e-08
xabs1_8=3.7353599517
xabs2_8=31.383146807
attackOnU1_8=0.0
u1_8=1.14e-08
uattacked1_8=-4.088855541
attackOnY1_8=0.0
y1_8=-8.79e-08
r1_8=0.0
r_8=0.0
x1_9=-0.0
x2_9=0.0
z1_9=0.0
z2_9=0.0
xabs1_9=0.0
xabs2_9=0.0
attackOnU1_9=0.0
u1_9=0.0
uattacked1_9=0.0
attackOnY1_9=0.0
y1_9=0.0
r1_9=-0.0
r_9=0.0
x1_10=-0.0
x2_10=0.0
z1_10=0.0
z2_10=0.0
xabs1_10=0.0
xabs2_10=0.0
attackOnU1_10=0.0
u1_10=0.0
uattacked1_10=0.0
attackOnY1_10=0.0
y1_10=0.0
r1_10=-0.0
r_10=0.0
x1_11=-0.0
x2_11=-0.0
z1_11=0.0
z2_11=0.0
xabs1_11=0.0
xabs2_11=0.0
attackOnU1_11=0.0
u1_11=-0.0
uattacked1_11=-0.0
attackOnY1_11=0.0
y1_11=-0.0
r1_11=-0.0
r_11=0.0
attack on control signal component 1
[ 0.          0.          0.          0.         -8.50052772  0.
 12.01667616 -4.08885555  0.          0.          0.          0.
  0.        ]
attack on sensor 1
[ 0.00000000e+00  0.00000000e+00  0.00000000e+00  0.00000000e+00
  8.72208000e-05  3.87690777e+01  5.64394475e+01 -3.13831469e+01
  0.00000000e+00  0.00000000e+00  0.00000000e+00  0.00000000e+00
  0.00000000e+00]
