sat
x1_0=-1e-10
x2_0=-1.1e-09
z1_0=0.0
z2_0=0.0
xabs1_0=1e-10
xabs2_0=1.1e-09
attackOnU1_0=0.0
u1_0=0.0
uattacked1_0=0.0
attackOnY1_0=0.0
y1_0=0.0
r1_0=0.0
r_0=0.0
x1_1=0.0
x2_1=-6e-10
z1_1=0.0
z2_1=0.0
xabs1_1=0.0
xabs2_1=6e-10
attackOnU1_1=0.0
u1_1=0.0
uattacked1_1=0.0
attackOnY1_1=0.0
y1_1=-6e-10
r1_1=-6e-10
r_1=6e-10
x1_2=0.0
x2_2=-2e-10
z1_2=0.0
z2_2=-2e-10
xabs1_2=0.0
xabs2_2=2e-10
attackOnU1_2=0.0
u1_2=0.0
uattacked1_2=0.0
attackOnY1_2=0.0
y1_2=-2e-10
r1_2=0.0
r_2=0.0
x1_3=0.0
x2_3=-0.0
z1_3=0.0
z2_3=-0.0
xabs1_3=0.0
xabs2_3=0.0
attackOnU1_3=0.0
u1_3=0.0
uattacked1_3=0.0
attackOnY1_3=0.0
y1_3=-0.0
r1_3=0.0
r_3=0.0
x1_4=0.0
x2_4=0.0
z1_4=0.0
z2_4=-0.0
xabs1_4=0.0
xabs2_4=0.0
attackOnU1_4=-0.4604556318
u1_4=0.0
uattacked1_4=0.0
attackOnY1_4=-0.0029999999
y1_4=0.0
r1_4=0.0
r_4=0.0
x1_5=0.0
x2_5=0.0
z1_5=0.0
z2_5=0.0
xabs1_5=0.0
xabs2_5=0.0
attackOnU1_5=0.1289132306
u1_5=-0.0
uattacked1_5=-0.4604556318
attackOnY1_5=2.0977096562
y1_5=-0.0029999999
r1_5=-0.0029999999
r_5=0.0029999999
x1_6=-0.0253250597
x2_6=-2.1
z1_6=0.000117
z2_6=-0.0013016999
xabs1_6=0.0253250597
xabs2_6=2.1
attackOnU1_6=0.0
u1_6=0.0001963892
uattacked1_6=0.1291096199
attackOnY1_6=0.368402929
y1_6=-0.0022903437
r1_6=-0.0009886437
r_6=0.0009886437
x1_7=0.0920113775
x2_7=-0.3683578509
z1_7=0.0001610413
z2_7=4.50781e-05
xabs1_7=0.0920113775
xabs2_7=0.3683578509
attackOnU1_7=-0.0709739316
u1_7=0.0001963892
uattacked1_7=0.1291096199
attackOnY1_7=-0.5447519969
y1_7=4.50781e-05
r1_7=-0.0
r_7=0.0
x1_8=0.0649168816
x2_8=0.5457326392
z1_8=8.04002e-05
z2_8=0.0011238874
xabs1_8=0.0649168816
xabs2_8=0.5457326392
attackOnU1_8=0.0
u1_8=-0.0001516565
uattacked1_8=-0.0711255881
attackOnY1_8=0.0
y1_8=0.0009806422
r1_8=-0.0001432452
r_8=0.0001432452
x1_9=-1.84498e-05
x2_9=-0.0001550091
z1_9=-1.84504e-05
z2_9=-0.0001550488
xabs1_9=1.84498e-05
xabs2_9=0.0001550091
attackOnU1_9=0.0
u1_9=2.01958e-05
uattacked1_9=2.01958e-05
attackOnY1_9=0.0
y1_9=-0.0001550091
r1_9=3.97e-08
r_9=3.97e-08
x1_10=-0.0
x2_10=0.0
z1_10=-0.0
z2_10=-1e-09
xabs1_10=0.0
xabs2_10=0.0
attackOnU1_10=0.0
u1_10=1e-10
uattacked1_10=1e-10
attackOnY1_10=0.0
y1_10=0.0
r1_10=1e-09
r_10=1e-09
x1_11=0.0
x2_11=6e-10
z1_11=0.0
z2_11=6e-10
xabs1_11=0.0
xabs2_11=6e-10
attackOnU1_11=0.0
u1_11=1e-10
uattacked1_11=1e-10
attackOnY1_11=0.0
y1_11=6e-10
r1_11=0.0
r_11=0.0
attack on control signal component 1
[ 0.          0.          0.          0.         -0.46045563  0.12891323
  0.         -0.07097393  0.          0.          0.          0.
  0.        ]
attack on sensor 1
[ 0.          0.          0.          0.         -0.003       2.09770966
  0.36840293 -0.544752    0.          0.          0.          0.
  0.        ]
