sat
x1_0=0.0
x2_0=0.0
z1_0=0.0
z2_0=0.0
xabs1_0=0.0
xabs2_0=0.0
attackOnU1_0=0.0
u1_0=0.0
uattacked1_0=0.0
attackOnY1_0=0.0
y1_0=0.0
r1_0=0.0
r_0=0.0
x1_1=0.0
x2_1=0.0
z1_1=0.0
z2_1=0.0
xabs1_1=0.0
xabs2_1=0.0
attackOnU1_1=0.0
u1_1=0.0
uattacked1_1=0.0
attackOnY1_1=0.0
y1_1=0.0
r1_1=0.0
r_1=0.0
x1_2=0.0
x2_2=0.0
z1_2=0.0
z2_2=0.0
xabs1_2=0.0
xabs2_2=0.0
attackOnU1_2=0.0
u1_2=0.0
uattacked1_2=0.0
attackOnY1_2=0.0
y1_2=0.0
r1_2=0.0
r_2=0.0
x1_3=0.0
x2_3=0.0
z1_3=0.0
z2_3=0.0
xabs1_3=0.0
xabs2_3=0.0
attackOnU1_3=-0.287043549
u1_3=0.0
uattacked1_3=0.0
attackOnY1_3=0.0
y1_3=0.0
r1_3=0.0
r_3=0.0
x1_4=0.0
x2_4=0.0
z1_4=0.0
z2_4=0.0
xabs1_4=0.0
xabs2_4=0.0
attackOnU1_4=0.0
u1_4=0.0
uattacked1_4=-0.287043549
attackOnY1_4=1.3121192625
y1_4=0.0
r1_4=0.0
r_4=0.0
x1_5=-0.0157873951
x2_5=-1.3091195141
z1_5=0.0
z2_5=0.0
xabs1_5=0.0157873951
xabs2_5=1.3091195141
attackOnU1_5=0.0
u1_5=0.0
uattacked1_5=-0.287043549
attackOnY1_5=1.9071229515
y1_5=0.0029997484
r1_5=0.0029997484
r_5=0.0029997484
x1_6=0.0371448876
x2_6=-1.9058212349
z1_6=-0.0001169901
z2_6=0.0013015908
xabs1_6=0.0371448876
xabs2_6=1.9058212349
attackOnU1_6=0.4752820253
u1_6=0.0
uattacked1_6=-0.287043549
attackOnY1_6=2.0999880204
y1_6=0.0013017166
r1_6=1.257e-07
r_6=1.257e-07
x1_7=0.0880286923
x2_7=-2.1000002515
z1_7=-0.0001116784
z2_7=0.0004216412
xabs1_7=0.0880286923
xabs2_7=2.1000002515
attackOnU1_7=-0.1768332148
u1_7=-7.08957e-05
uattacked1_7=0.4752111296
attackOnY1_7=-1.357245973
y1_7=-1.22311e-05
r1_7=-0.0004338724
r_7=0.0004338724
x1_8=0.1614893917
x2_8=1.3567756133
z1_8=-5.59862e-05
z2_8=-0.0004704855
xabs1_8=0.1614893917
xabs2_8=1.3567756133
attackOnU1_8=0.0
u1_8=6.1283e-05
uattacked1_8=-0.1767719317
attackOnY1_8=0.0
y1_8=-0.0004703597
r1_8=1.257e-07
r_8=1.257e-07
x1_9=0.0
x2_9=0.0
z1_9=0.0
z2_9=0.0
xabs1_9=0.0
xabs2_9=0.0
attackOnU1_9=0.0
u1_9=0.0
uattacked1_9=0.0
attackOnY1_9=0.0
y1_9=0.0
r1_9=0.0
r_9=0.0
x1_10=0.0
x2_10=0.0
z1_10=0.0
z2_10=0.0
xabs1_10=0.0
xabs2_10=0.0
attackOnU1_10=0.0
u1_10=0.0
uattacked1_10=0.0
attackOnY1_10=0.0
y1_10=0.0
r1_10=0.0
r_10=0.0
x1_11=0.0
x2_11=0.0
z1_11=0.0
z2_11=0.0
xabs1_11=0.0
xabs2_11=0.0
attackOnU1_11=0.0
u1_11=0.0
uattacked1_11=0.0
attackOnY1_11=0.0
y1_11=0.0
r1_11=0.0
r_11=0.0
attack on control signal component 1
[ 0.          0.          0.         -0.28704355  0.          0.
  0.47528203 -0.17683321  0.          0.          0.          0.
  0.        ]
attack on sensor 1
[ 0.          0.          0.          0.          1.31211926  1.90712295
  2.09998802 -1.35724597  0.          0.          0.          0.
  0.        ]
