sat
x1_0=-0.0005385076
x2_0=-0.0052322239
z1_0=0.0
z2_0=0.0
xabs1_0=0.0005385076
xabs2_0=0.0052322239
attackOnU1_0=0.0
u1_0=0.0
uattacked1_0=0.0
attackOnY1_0=0.0
y1_0=0.0
r1_0=0.0
r_0=0.0
x1_1=-0.0
x2_1=-0.0029999999
z1_1=0.0
z2_1=0.0
xabs1_1=0.0
xabs2_1=0.0029999999
attackOnU1_1=0.0
u1_1=0.0
uattacked1_1=0.0
attackOnY1_1=0.0
y1_1=-0.0029999999
r1_1=-0.0029999999
r_1=0.0029999999
x1_2=0.0001373999
x2_2=-0.0013206
z1_2=0.0001169999
z2_2=-0.0013016999
xabs1_2=0.0001373999
xabs2_2=0.0013206
attackOnU1_2=0.0
u1_2=0.0001963892
uattacked1_2=0.0001963892
attackOnY1_2=0.0
y1_2=-0.0013206
r1_2=-1.89e-05
r_2=1.89e-05
x1_3=0.0001324278
x2_3=0.0004921263
z1_3=0.0001232213
z2_3=0.0004658499
xabs1_3=0.0001324278
xabs2_3=0.0004921263
attackOnU1_3=0.0
u1_3=0.0001963892
uattacked1_3=0.0001963892
attackOnY1_3=0.0
y1_3=0.0004921263
r1_3=2.62764e-05
r_3=2.62764e-05
x1_4=4.71924e-05
x2_4=0.0012836551
z1_4=4.32742e-05
z2_4=0.0012715772
xabs1_4=4.71924e-05
xabs2_4=0.0012836551
attackOnU1_4=4.7909642255
u1_4=0.0001963892
uattacked1_4=0.0001963892
attackOnY1_4=-5.1458e-06
y1_4=0.0012836551
r1_4=1.20778e-05
r_4=1.20778e-05
x1_5=-2.69893e-05
x2_5=0.0015217999
z1_5=-2.86508e-05
z2_5=0.001516654
xabs1_5=2.69893e-05
xabs2_5=0.0015217999
attackOnU1_5=-3.1698484102
u1_5=-0.0002181927
uattacked1_5=4.7907460328
attackOnY1_5=-21.8531549583
y1_5=0.001516654
r1_5=0.0
r_5=0.0
x1_6=0.2634093231
x2_6=21.8497904066
z1_6=-9.42129e-05
z2_6=-0.0003645517
xabs1_6=0.2634093231
xabs2_6=21.8497904066
attackOnU1_6=0.2735476542
u1_6=4.24675e-05
uattacked1_6=-3.1698059427
attackOnY1_6=4.493977128
y1_6=-0.0033645516
r1_6=-0.0029999999
r_6=0.0029999999
x1_7=-1.0578425786
x2_7=-4.4974309028
z1_7=9.41074e-05
z2_7=-0.0013903961
xabs1_7=1.0578425786
xabs2_7=4.4974309028
attackOnU1_7=0.0
u1_7=0.0002067246
uattacked1_7=0.2737543789
attackOnY1_7=2.0995572223
y1_7=-0.0034537748
r1_7=-0.0020633786
r_7=0.0020633786
x1_8=-0.2497011213
x2_8=-2.1
z1_8=0.0001973995
z2_8=-0.0004427776
xabs1_8=0.2497011213
xabs2_8=2.1
attackOnU1_8=0.0
u1_8=0.0002067246
uattacked1_8=0.2737543789
attackOnY1_8=0.0
y1_8=-0.0004427777
r1_8=-0.0
r_8=0.0
x1_9=0.0001194918
x2_9=0.001003315
z1_9=0.0001194918
z2_9=0.0010033137
xabs1_9=0.0001194918
xabs2_9=0.001003315
attackOnU1_9=0.0
u1_9=-0.0001306766
uattacked1_9=-0.0001306766
attackOnY1_9=0.0
y1_9=0.001003315
r1_9=1.3e-09
r_9=1.3e-09
x1_10=3.48e-08
x2_10=2.925e-07
z1_10=3.48e-08
z2_10=2.926e-07
xabs1_10=3.48e-08
xabs2_10=2.925e-07
attackOnU1_10=0.0
u1_10=-3.81e-08
uattacked1_10=-3.81e-08
attackOnY1_10=0.0
y1_10=2.925e-07
r1_10=-0.0
r_10=0.0
x1_11=0.0
x2_11=0.0
z1_11=0.0
z2_11=0.0
xabs1_11=0.0
xabs2_11=0.0
attackOnU1_11=0.0
u1_11=-3.81e-08
uattacked1_11=-3.81e-08
attackOnY1_11=0.0
y1_11=0.0
r1_11=-0.0
r_11=0.0
attack on control signal component 1
[ 0.          0.          0.          0.          4.79096423 -3.16984841
  0.27354765  0.          0.          0.          0.          0.
  0.        ]
attack on sensor 1
[ 0.00000000e+00  0.00000000e+00  0.00000000e+00  0.00000000e+00
 -5.14580000e-06 -2.18531550e+01  4.49397713e+00  2.09955722e+00
  0.00000000e+00  0.00000000e+00  0.00000000e+00  0.00000000e+00
  0.00000000e+00]
