sat
x1_0=-0.1
x2_0=0.0
z1_0=0.0
z2_0=0.0
xabs1_0=0.1
xabs2_0=0.0
attackOnU1_0=0.3265876911
u1_0=0.0
uattacked1_0=0.0
attackOnY1_0=0.1293902381
y1_0=0.0
r1_0=0.0
r_0=0.0
x1_1=-0.0445
x2_1=-0.12939
z1_1=0.0
z2_1=0.0
xabs1_1=0.0445
xabs2_1=0.12939
attackOnU1_1=0.0
u1_1=0.0
uattacked1_1=0.3265876911
attackOnY1_1=-1.3779318753
y1_1=2.381e-07
r1_1=2.381e-07
r_1=2.381e-07
x1_2=0.004085885
x2_2=1.374932455
z1_2=-9.2e-09
z2_2=1.033e-07
xabs1_2=0.004085885
xabs2_2=1.374932455
attackOnU1_2=-0.4488136811
u1_2=0.0
uattacked1_2=0.3265876911
attackOnY1_2=-2.1013024125
y1_2=-0.0029994202
r1_2=-0.0029995236
r_2=0.0029995236
x1_3=-0.0431913645
x2_3=2.1000004763
z1_3=0.0001169725
z2_3=-0.0013014598
xabs1_3=0.0431913645
xabs2_3=2.1000004763
attackOnU1_3=0.1534764419
u1_3=0.0001963524
uattacked1_3=-0.4486173287
attackOnY1_3=1.1778748911
y1_3=-0.0013019361
r1_3=-4.763e-07
r_3=4.763e-07
x1_4=-0.1400741321
x2_4=-1.1774741479
z1_4=0.0001224776
z2_4=0.0004737462
xabs1_4=0.1400741321
xabs2_4=1.1774741479
attackOnU1_4=0.0
u1_4=-5.51834e-05
uattacked1_4=0.1534212585
attackOnY1_4=0.0
y1_4=0.0004007431
r1_4=-7.3003e-05
r_4=7.3003e-05
x1_5=3.34963e-05
x2_5=0.0001422942
z1_5=3.26169e-05
z2_5=8.36657e-05
xabs1_5=3.34963e-05
xabs2_5=0.0001422942
attackOnU1_5=0.0
u1_5=-8.6612e-06
uattacked1_5=-8.6612e-06
attackOnY1_5=0.0
y1_5=0.0001422942
r1_5=5.86284e-05
r_5=5.86284e-05
x1_6=7.9124e-06
x2_6=6.64775e-05
z1_6=7.9197e-06
z2_6=6.49703e-05
xabs1_6=7.9124e-06
xabs2_6=6.64775e-05
attackOnU1_6=0.0
u1_6=-8.6612e-06
uattacked1_6=-8.6612e-06
attackOnY1_6=0.0
y1_6=6.64775e-05
r1_6=1.5072e-06
r_6=1.5072e-06
x1_7=0.0
x2_7=0.0
z1_7=1.35e-08
z2_7=0.0
xabs1_7=0.0
xabs2_7=0.0
attackOnU1_7=0.0
u1_7=-8.6612e-06
uattacked1_7=-8.6612e-06
attackOnY1_7=0.0
y1_7=0.0
r1_7=0.0
r_7=0.0
attack on control signal component 1
[ 0.32658769  0.         -0.44881368  0.15347644  0.          0.
  0.          0.          0.        ]
attack on sensor 1
[ 0.12939024 -1.37793188 -2.10130241  1.17787489  0.          0.
  0.          0.          0.        ]
