sat
x1_0=-0.1
x2_0=0.2
z1_0=0.0
z2_0=0.0
xabs1_0=0.1
xabs2_0=0.2
attackOnU1_0=-0.4415505108
u1_0=0.0
uattacked1_0=0.0
attackOnY1_0=0.039762359
y1_0=0.0
r1_0=0.0
r_0=0.0
x1_1=-0.05366
x2_1=-0.04135
z1_1=0.0
z2_1=0.0
xabs1_1=0.05366
xabs2_1=0.04135
attackOnU1_1=0.0300695308
u1_1=0.0
uattacked1_1=-0.4415505108
attackOnY1_1=2.0993111225
y1_1=-0.0015876409
r1_1=-0.0015876409
r_1=0.0015876409
x1_2=-0.046270148
x2_2=-2.101412359
z1_2=6.19179e-05
z2_2=-0.0006888774
xabs1_2=0.046270148
xabs2_2=2.101412359
attackOnU1_2=0.0
u1_2=0.0001039319
uattacked1_2=0.0301734627
attackOnY1_2=0.8455242459
y1_2=-0.0021012364
r1_2=-0.001412359
r_2=0.001412359
x1_3=0.0773140105
x2_3=-0.8472985534
z1_3=0.0001199023
z2_3=-0.0003619484
xabs1_3=0.0773140105
xabs2_3=0.8472985534
attackOnU1_3=0.0
u1_3=0.0001039319
uattacked1_3=0.0301734627
attackOnY1_3=0.1351891048
y1_3=-0.0017743075
r1_3=-0.001412359
r_3=0.001412359
x1_4=0.0748705489
x2_4=-0.1353321132
z1_4=0.000130732
z2_4=-0.0001430084
xabs1_4=0.0748705489
xabs2_4=0.1353321132
attackOnU1_4=-0.010571323
u1_4=0.0001039319
uattacked1_4=0.0301734627
attackOnY1_4=-0.1757460735
y1_4=-0.0001430084
r1_4=0.0
r_4=0.0
x1_5=0.0411751455
x2_5=0.1749139186
z1_5=7.04418e-05
z2_5=0.0005802041
xabs1_5=0.0411751455
xabs2_5=0.1749139186
attackOnU1_5=0.0
u1_5=-7.54363e-05
uattacked1_5=-0.0106467593
attackOnY1_5=-0.0810813003
y1_5=-0.0008321549
r1_5=-0.001412359
r_5=0.001412359
x1_6=0.0097263105
x2_6=0.0817169522
z1_6=5.57062e-05
z2_6=-0.0006103147
xabs1_6=0.0097263105
xabs2_6=0.0817169522
attackOnU1_6=0.0
u1_6=-7.54363e-05
uattacked1_6=-0.0106467593
attackOnY1_6=0.0
y1_6=0.0006356518
r1_6=0.0012459666
r_6=0.0012459666
x1_7=0.0
x2_7=0.0
z1_7=0.0
z2_7=0.0
xabs1_7=0.0
xabs2_7=0.0
attackOnU1_7=0.0
u1_7=0.0
uattacked1_7=0.0
attackOnY1_7=0.0
y1_7=0.0
r1_7=0.0
r_7=0.0
x1_8=0.0
x2_8=0.0
z1_8=0.0
z2_8=0.0
xabs1_8=0.0
xabs2_8=0.0
attackOnU1_8=0.0
u1_8=0.0
uattacked1_8=0.0
attackOnY1_8=0.0
y1_8=0.0
r1_8=0.0
r_8=0.0
x1_9=0.0
x2_9=0.0
z1_9=0.0
z2_9=0.0
xabs1_9=0.0
xabs2_9=0.0
attackOnU1_9=0.0
u1_9=0.0
uattacked1_9=0.0
attackOnY1_9=0.0
y1_9=0.0
r1_9=0.0
r_9=0.0
attack on control signal component 1
[-0.44155051  0.03006953  0.          0.         -0.01057132  0.
  0.          0.          0.          0.          0.        ]
attack on sensor 1
[ 0.03976236  2.09931112  0.84552425  0.1351891  -0.17574607 -0.0810813
  0.          0.          0.          0.          0.        ]
