sat
x1_0=1.214e-07
x2_0=1.18e-06
z1_0=0.0
z2_0=0.0
xabs1_0=1.214e-07
xabs2_0=1.18e-06
attackOnU1_0=4.2027617312
u1_0=0.0
uattacked1_0=0.0
attackOnY1_0=-6.765e-07
y1_0=0.0
r1_0=0.0
r_0=0.0
x1_1=0.0
x2_1=6.765e-07
z1_1=0.0
z2_1=0.0
xabs1_1=0.0
xabs2_1=6.765e-07
attackOnU1_1=0.0
u1_1=0.0
uattacked1_1=4.2027617312
attackOnY1_1=-19.1675357256
y1_1=0.0
r1_1=0.0
r_1=0.0
x1_2=0.2311518642
x2_2=19.1675357256
z1_2=0.0
z2_2=0.0
xabs1_2=0.2311518642
xabs2_2=19.1675357256
attackOnU1_2=-1.1485298871
u1_2=0.0
uattacked1_2=4.2027617312
attackOnY1_2=-27.9041719298
y1_2=0.0
r1_2=0.0
r_2=0.0
x1_3=-0.5438586614
x2_3=27.9041720513
z1_3=0.0
z2_3=0.0
xabs1_3=0.5438586614
xabs2_3=27.9041720513
attackOnU1_3=0.0
u1_3=0.0
uattacked1_3=-1.1485298871
attackOnY1_3=-6.3416177489
y1_3=1.214e-07
r1_3=1.214e-07
r_3=1.214e-07
x1_4=-1.583197328
x2_4=6.3416175587
z1_4=-4.7e-09
z2_4=5.26e-08
xabs1_4=1.583197328
xabs2_4=6.3416175587
attackOnU1_4=0.2736053612
u1_4=0.0
uattacked1_4=-1.1485298871
attackOnY1_4=4.4920193842
y1_4=-1.902e-07
r1_4=-2.428e-07
r_4=2.428e-07
x1_5=-1.0581380389
x2_5=-4.4950192296
z1_5=4.9e-09
z2_5=-8.83e-08
xabs1_5=1.0581380389
xabs2_5=4.4950192296
attackOnU1_5=0.0
u1_5=1.3e-08
uattacked1_5=0.2736053743
attackOnY1_5=2.0997813697
y1_5=-0.0029998454
r1_5=-0.0029997571
r_5=0.0029997571
x1_6=-0.249951251
x2_6=-2.1000002428
z1_6=0.0001169974
z2_6=-0.0013015676
xabs1_6=0.249951251
xabs2_6=2.1000002428
attackOnU1_6=0.0
u1_6=1.3e-08
uattacked1_6=0.2736053743
attackOnY1_6=0.0
y1_6=-0.0002188731
r1_6=0.0010826945
r_6=0.0010826945
x1_7=0.0
x2_7=0.0
z1_7=6.94513e-05
z2_7=4.82735e-05
xabs1_7=0.0
xabs2_7=0.0
attackOnU1_7=0.0
u1_7=0.0
uattacked1_7=0.0
attackOnY1_7=0.0
y1_7=0.0
r1_7=-4.82735e-05
r_7=4.82735e-05
x1_8=0.0
x2_8=0.0
z1_8=3.05775e-05
z2_8=9.01671e-05
xabs1_8=0.0
xabs2_8=0.0
attackOnU1_8=0.0
u1_8=0.0
uattacked1_8=0.0
attackOnY1_8=0.0
y1_8=0.0
r1_8=-9.01671e-05
r_8=9.01671e-05
x1_9=0.0
x2_9=0.0
z1_9=1.29938e-05
z2_9=4.01323e-05
xabs1_9=0.0
xabs2_9=0.0
attackOnU1_9=0.0
u1_9=-4.4163e-06
uattacked1_9=-4.4163e-06
attackOnY1_9=0.0
y1_9=0.0
r1_9=-4.01323e-05
r_9=4.01323e-05
attack on control signal component 1
[ 4.20276173  0.         -1.14852989  0.          0.27360536  0.
  0.          0.          0.          0.          0.        ]
attack on sensor 1
[-6.76500000e-07 -1.91675357e+01 -2.79041719e+01 -6.34161775e+00
  4.49201938e+00  2.09978137e+00  0.00000000e+00  0.00000000e+00
  0.00000000e+00  0.00000000e+00  0.00000000e+00]
